0 9381 0.1533869777
0 9380 0.7433638122
0 9378 0.3687682023
0 9371 1.0023568585
0 9367 0.4138534782
0 9363 2.0400246442
0 9356 0.4614018705
0 9355 1.8570920456
0 9354 -0.2792957333
0 9353 0.9120834162
0 9352 1.1108378417
0 9351 1.4728401465
0 9344 0.4429949823
0 9343 0.2873349821
0 9339 1.1692146879
0 9336 -0.3952255888
0 9332 0.1648990859
0 9323 0.3403142564
0 9321 1.5363107718
0 9482 1.9095480851
0 9481 -0.0249156288
0 9472 -1.1811016508
0 9471 -1.5147471046
0 9470 1.3932639842
0 9469 0.9435323095
0 9455 -0.0823830234
0 9454 -0.0892439302
0 9453 1.3842933994
0 9451 0.9177041650
0 9419 -2.0461473070
0 9418 0.3100092771
0 9409 0.4728215195
0 9402 -0.9328674485
0 9369 1.8027397410
0 9349 1.5484118065
0 9476 0.4763649050
0 9433 1.3892417663
0 9446 0.5192394771
0 9443 -0.6147283142
0 9442 1.0405134373
0 997 0.6927806055
0 996 -0.1360959928
0 1068 -0.5644503159
0 1026 -0.1951436341
0 1585 1.3485095790
0 1435 -0.3783932515
0 1169 0.9369216933
0 1075 -0.9095401402
0 1132 -1.2490261589
0 1064 -1.3628662447
0 1063 0.3710124509
0 1062 -0.1502509003
0 1247 0.3980188825
0 991 -0.1571225332
0 1391 -1.6407185625
0 1374 -1.1227734902
0 1318 1.5518013646
0 1254 -0.1143593410
0 1163 -0.3714816727
0 1153 -0.2337518040
0 1073 -0.5457219201
0 1072 0.9218470386
0 394 0.6934995423
0 7 0.6199279342
0 203 -2.3254556042
0 236 -0.6821205500
0 367 0.0948990852
0 123 0.4440480188
0 395 -0.9267070885
0 196 -0.6455653018
0 264 -0.2957386568
0 185 0.0040093041
0 297 0.5060452164
0 318 0.2492114098
0 323 0.3694093290
0 79 2.7088384724
0 198 0.8167213326
0 371 -0.2096630308
0 280 0.3195539621
0 12 1.8606995110
0 347 -0.7491334050
0 268 0.1071552764
0 288 0.3987101462
0 377 0.1777704411
0 252 1.3221942411
0 296 0.8239191507
0 341 -1.7855807810
0 156 -1.2839884655
0 397 0.6424595143
0 263 0.8326472977
0 48 0.7744013812
0 45 1.7410900214
0 210 -0.2554303819
0 83 1.2910887483
0 372 0.0341454352
0 393 0.3132542557
0 205 -0.5877546181
0 87 -0.8834923630
0 62 1.6436925783
0 309 -1.3310944588
0 222 -0.5168975195
0 160 0.6985627846
0 229 0.0116967134
0 369 0.4159544341
0 227 -0.7747194971
0 230 0.0357170535
0 217 -0.3724353372
0 194 -0.9271138678
0 391 -0.6249605680
0 340 -0.5061701812
0 167 -0.9934821025
0 266 1.4383591253
0 208 -0.6035693563
0 335 -0.3650200059
0 213 0.0526226256
0 388 1.3469289901
0 331 0.2795485141
0 216 -0.0737481868
0 277 1.2875476829
0 85 0.9408604573
0 310 0.5802505845
0 389 -0.5573752003
0 387 -0.7777396287
0 191 -1.4365660310
0 224 -1.3082226797
0 82 0.8733547933
0 225 1.4356155394
0 295 -0.9694853413
0 169 0.6550671846
0 375 -0.6626457840
0 292 1.3871325764
0 215 0.3887605597
0 337 -1.0080208788
0 320 0.7657421502
0 171 -0.9871443260
0 346 -0.5194449711
0 151 1.4209829868
0 137 -1.4908902668
0 291 -0.8395478828
0 385 0.6508948790
0 84 0.7819258255
0 349 -0.2479912972
0 219 -0.8240097047
0 322 -1.1389408183
0 204 -0.0643626728
0 273 -0.1597517850
0 212 -1.2255701787
0 146 -0.5705552577
0 348 -2.3538454897
0 157 1.0610770265
0 214 -0.1050381339
0 316 -0.9209694831
0 186 -2.4650610550
0 314 -1.5326169152
0 293 -0.5219893591
0 183 0.8676281082
0 287 -0.1368101479
0 290 -1.0391298469
0 168 -1.1642219840
0 343 -0.6568777247
0 153 -1.5408016120
0 339 -0.7325393743
0 60 1.5882748217
0 174 -0.6674885202
0 88 -1.4397767422
0 359 -1.2874334960
0 298 1.3996152518
0 162 -0.3234244963
0 311 0.4185421971
0 329 1.5518470489
0 175 -1.3855742618
0 163 -0.6762219145
0 77 1.7437295306
0 302 1.4366494108
0 231 1.2487167968
0 148 0.5145024764
0 106 -0.8094892329
0 283 0.0927028400
0 184 0.2443864706
0 122 -1.0715888764
0 170 -0.5639949602
0 396 -0.6566493121
0 275 0.0001839782
0 244 -1.0858556266
0 116 0.4234565257
0 364 1.0198153903
0 121 -0.0275735198
0 165 0.9167666753
0 32 -0.8097562405
0 201 -0.4337924609
0 326 0.5673840676
0 368 0.9378968810
0 332 -1.1603218773
0 361 -0.1491334037
0 202 -0.0990242943
0 200 0.3346275933
0 257 0.0095844650
0 80 1.1340736069
0 9 0.5442032681
0 187 -1.0889565871
0 89 0.3819685072
0 207 -0.8799762731
0 69 1.1263536018
0 188 -0.2968264348
0 306 0.4989872949
0 360 0.2676004050
0 237 -1.1779664914
0 327 -0.2808969011
0 261 -0.1297836853
0 86 -0.8372538311
0 228 -0.3884180128
0 190 -0.7541627929
0 74 0.3034929570
0 8 1.2568729940
0 4 -0.0315409572
0 159 -0.0091515750
0 262 -0.1751473123
0 51 0.8064750529
0 5 2.5540870954
0 363 0.5900301776
0 338 -0.1619076793
0 355 0.2196635467
0 269 1.8519184223
0 278 -0.2251078661
0 179 -0.3586924793
0 6 -0.1119771104
0 206 0.4039133569
0 461 -0.6830173186
0 466 0.1114391745
0 9490 -1.0342448658
0 9496 -1.3182896113
0 9504 -1.3839865501
0 9499 1.5654849952
0 9308 1.3308345006
0 9305 0.7525958622
0 9302 -0.1013234446
0 9309 -1.5452082354
0 4980 0.2198602355
0 5444 0.3688883353
0 5394 -1.2211700374
0 5461 -0.2517741754
0 5494 0.3206439806
0 5398 -1.7722874428
0 5466 0.7057356215
0 5450 1.4020042578
0 4675 1.0415124033
0 4632 -0.5681892408
0 5769 -0.5364234230
0 4757 -0.5916604382
0 4827 1.5110008333
0 4820 -1.0065379009
0 5159 0.4211828163
0 5759 -1.7774463207
0 5739 1.1879374374
0 5738 -0.4953891585
0 5770 0.7831259511
0 5826 -0.9758268674
0 5745 -1.4265547189
0 5744 -0.8059666363
0 5774 -1.0613097587
0 5760 -1.0795355972
0 5746 -1.1347033115
0 5762 0.2271039486
0 5711 -0.3797625786
0 5802 -1.1220879373
0 5740 -1.2244432109
0 5716 0.0204396047
0 5772 -1.7898266985
0 5722 0.8038899846
0 5751 0.9318344466
0 5721 0.4614049797
0 5812 0.0533009026
0 5792 -0.8338666964
0 5735 -2.3771152234
0 5767 -0.7024010966
0 5817 -0.4601083775
0 5807 -1.4119926769
0 5777 1.1350799115
0 5736 0.3150200100
0 5763 -0.9628881900
0 5813 -0.5191900257
0 5741 -0.9467791975
0 5731 -1.4672797663
0 5819 -0.6035433860
0 5724 -0.5973850318
0 5789 0.5006348848
0 5141 1.3390742865
0 5175 0.3432538642
0 5145 0.3235789823
0 5469 -1.5737298247
0 5106 2.0398385411
0 5299 0.6541913844
0 5335 -0.9691743307
0 7121 -0.5433485999
0 7106 -0.7344767156
0 7104 -0.4658540408
0 7113 -2.0847250828
0 7116 -1.4333603762
0 7149 0.5185986559
0 7228 -1.1497021281
0 7301 -0.3128941955
0 7109 -0.7909725918
0 6987 -0.0508485602
0 7028 -0.4548798441
0 7029 -0.4375582387
0 7030 -0.7355687408
0 7013 -1.0290862320
0 7017 -0.6509942020
0 7032 -1.1748120645
0 7073 -0.0049934212
0 242 -1.6796888733
0 104 0.3494574906
0 282 -2.2207759163
0 96 -0.4885737635
0 23 -0.2283038711
0 6102 -0.1475563548
0 6938 0.1561317374
0 8304 1.0568775794
0 8238 0.1446486476
0 8386 -0.2037047568
0 8348 -0.7939245011
0 1416 1.2189171943
0 6237 1.4650765635
0 6226 1.1301668663
0 6184 0.4597009180
0 6174 1.0975131749
0 6172 0.9325897335
0 6171 0.4191155273
0 6170 -0.0438339884
0 6151 0.7231320483
0 6150 0.5358946046
0 6149 0.9845946448
0 6148 0.6875038598
0 6147 -0.0449050573
0 6146 0.0152975682
0 6145 1.9227837126
0 6144 1.2068934084
0 6142 1.2905249014
0 6141 -0.6918761193
0 6137 0.1752334594
0 6136 -0.9158379327
0 6131 1.6878494703
0 6134 -1.0669444402
0 6133 -1.5953362860
0 6132 -1.5043486778
0 6129 0.8967182167
0 6128 0.1771539757
0 6127 1.0319348570
0 6126 -0.6032791660
0 6125 0.5018174745
0 6123 -0.7719648171
0 6122 -0.4764048290
0 6121 -0.1219459251
0 6119 -1.2474918695
0 6116 -1.8178924932
0 6115 0.8978161926
0 6114 0.6930337232
0 6111 1.2947595514
0 6110 0.4242930947
0 6108 -1.7865982892
0 6107 0.4345145177
0 6106 -1.2088706101
0 6104 0.9981476547
0 6103 -0.3034260691
0 6101 -0.6039178068
0 6100 -0.0730373782
0 6099 0.8921000034
0 6098 -0.1244477411
0 6097 0.6161875518
0 6095 0.4475192786
0 6093 0.3857055961
0 6092 1.9223964540
0 6091 0.6331693798
0 6090 0.1651638568
0 6177 0.2808908950
0 6221 1.7283466359
0 6244 2.1809604904
0 6241 1.8684183051
0 6240 1.5399320476
0 6238 1.5803407244
0 6236 0.2854235353
0 6235 -0.0716974018
0 6220 0.4701261193
0 6218 -0.0782363138
0 6217 1.0251327329
0 6216 0.0654224317
0 6215 1.1901119651
0 6214 0.1953286994
0 6210 1.4875395232
0 6209 0.1487991262
0 6207 -0.3128375826
0 6201 -0.8086334918
0 6200 0.2374350065
0 6199 0.5924756253
0 6198 1.2147386292
0 6197 -0.1542203709
0 6195 2.6974583747
0 6194 -0.0013975270
0 6193 2.2228193538
0 6192 1.0079616600
0 6191 0.1278798162
0 6189 0.2813151904
0 6163 -0.4512272885
0 6154 0.5225482898
0 8274 1.9050384459
0 7192 -0.9357437552
0 7194 -0.0593883764
0 7210 -1.5522362842
0 7238 0.9698423982
0 7245 -0.6970528421
0 7246 0.1292486968
0 7256 -1.8245355881
0 7265 0.7082173396
0 7268 1.0238310647
0 366 0.4925342370
0 5245 -0.1125306804
0 5264 -0.3290237330
0 7195 1.0616308673
0 7262 0.5875171730
0 7250 -0.6649587539
0 1925 1.3397564035
0 5719 -0.4378351230
0 5798 -0.1339840668
0 5816 0.7156333167
0 5821 -0.0624464753
0 5710 -2.2116779717
0 5715 -0.0871360212
0 5720 0.2312705114
0 5733 -0.4107376935
0 5820 0.9417658594
0 5737 0.5826876600
0 5755 0.0183714326
0 5781 -0.4505717761
0 5782 -0.1781158650
0 5784 0.5027153648
0 5146 -0.3548276608
0 5133 -0.7713639977
0 5709 -1.0446665469
0 5712 -0.9949062216
0 5795 -0.9872609662
0 5750 -0.6872405400
0 5708 -0.0399533352
0 5749 -1.4024955078
0 5727 -1.0468286826
0 5780 1.2815887635
0 5756 -0.6608478366
0 5723 -1.3142786708
0 5730 0.2958929013
0 5717 -2.0208453526
0 5732 -1.3220196274
0 5804 -0.3713114361
0 5752 -0.8243173618
0 5799 0.9608802955
0 5713 -1.5808153951
0 5728 0.1782564748
0 5787 0.4423908949
0 5788 -0.4655721652
0 5793 -0.0763007400
0 5803 0.4504305035
0 5758 -1.2018297982
0 7317 -0.0756273406
0 7034 -0.2070825635
0 615 -0.6751829571
0 627 -1.2037043160
0 607 -1.0779017486
0 631 -0.7260602302
0 623 -0.5484656616
0 719 0.2057742149
0 640 -0.9596185700
0 827 -0.4241190560
0 895 -0.7196034489
0 946 0.1813689009
0 936 -1.2439823467
0 7717 -0.2979376768
0 7787 1.2495456069
0 7837 -0.1732533473
0 7847 1.3666140581
0 7867 0.6372780768
0 8077 -0.5071392246
0 8122 1.2984021083
0 1743 -0.3831407520
0 1799 -2.4428663772
0 2175 -0.5626146029
0 2160 1.4947913838
0 2171 0.1914118607
0 2148 1.8751672225
0 2180 1.0236185939
0 2157 0.3301448653
0 1948 -0.4609955254
0 1941 -0.9825910792
0 1949 0.6347684938
0 1965 0.0775273747
0 1981 -0.2017661314
0 1992 -0.8560463189
0 2016 -0.4434271218
0 2011 -0.6628458376
0 2019 -0.8022320954
0 2020 -2.3211854315
0 2151 0.5926367834
0 1862 -1.1805131197
0 1872 0.6061695996
0 1864 -0.3329597585
0 1871 0.2237739345
0 1857 0.1375639793
0 1865 0.3640007171
0 1873 -0.1834723622
0 1850 0.8009175901
0 1858 -1.5732046491
0 1874 -0.7739117198
0 1868 -0.7764921788
0 1829 -0.1192350547
0 1853 -0.2790610665
0 1926 1.6080916158
0 1966 -0.0174658362
0 1918 -0.4883150455
0 1959 -0.1119720396
0 1936 -0.2715492832
0 1952 0.5973542636
0 1960 1.2192537559
0 1968 1.3455465519
0 1938 0.9380972723
0 1963 0.1240367034
0 1720 -0.3419571968
0 1736 0.3312348137
0 1744 1.7504447715
0 1752 1.1910076220
0 1729 -0.2705131814
0 1745 0.9392230621
0 1753 0.6988667126
0 1722 2.0033207451
0 1730 0.4985890935
0 1738 1.6253340625
0 1724 0.6719273051
0 1740 1.0004362369
0 1733 0.6873561197
0 1718 0.3950940353
0 1726 0.2302152318
0 1750 0.8233813160
0 1782 0.7952661570
0 1719 0.7471411176
0 7566 0.0824156769
0 1751 1.0440291077
0 2214 -0.3323100140
0 2201 0.7058690392
0 2204 0.4912139592
0 2294 0.1884982111
0 2280 0.6740788648
0 2338 0.5843925245
0 2292 -0.3107420008
0 2300 1.1795876074
0 2316 -0.4003022335
0 2283 0.5088302747
0 7584 -0.1797257375
0 7580 1.8187721033
0 7578 -0.3440466548
0 7570 1.1639222329
0 8608 1.3435438415
0 8727 1.6111311493
0 8760 0.4247758926
0 8768 -1.4224723985
0 8616 -0.2981933466
0 8617 -0.4364099440
0 8770 0.2537304342
0 8730 0.6901650010
0 8619 0.7403929188
0 8629 0.2889429921
0 8612 -0.6489791442
0 8724 0.1661068668
0 8631 -0.9609459364
0 8725 0.5048776055
0 8640 -0.6563920897
0 8759 0.3604296087
0 8774 0.7232911440
0 8824 -0.4272741019
0 8557 1.9738468394
0 8791 0.2482007150
0 8777 1.8711250519
0 8811 0.5997297334
0 8787 -0.8171120872
0 8805 -0.9346809756
0 8534 0.4450815496
0 8687 0.7897470350
0 9045 0.1660827155
0 8673 -1.0454623274
0 9041 1.6203982054
0 8701 1.0052795300
0 9053 -0.0495987259
0 8985 1.3787493801
0 8957 -0.7156711989
0 8966 0.2679717670
0 8695 0.1386753388
0 8967 0.8987905775
0 9004 1.0300063820
0 8690 1.4232661891
0 9012 -0.3269423670
0 8969 1.0815423307
0 8961 0.0274165170
0 8970 2.1770651659
0 8954 -0.3909708984
0 8962 0.6438784649
0 8965 0.8183614474
0 8973 0.2448359026
0 8975 0.7970256496
0 9006 -0.5218317554
0 8976 -0.6578851212
0 9007 0.9068115712
0 8977 0.0032463531
0 8992 -0.3989822596
0 9008 0.2643062962
0 9001 -0.7483549758
0 8719 -0.7694364371
0 8996 0.9066466904
0 9011 -1.2830144586
0 1742 0.1569550570
0 1749 -0.5775021164
0 999 -0.6802989017
0 1061 0.9569401093
0 1404 0.2295232979
0 1552 0.1157574926
0 1257 -1.2691490969
0 1158 -2.8242776753
0 1070 1.5175141037
0 9452 0.2976277009
0 417 -1.3294844904
0 421 -1.4706299144
0 407 -0.7905239115
0 424 0.7640181224
0 402 0.2387614425
0 403 -0.7820339064
0 404 -1.4252572484
0 428 -1.2226979260
0 429 -1.2884818475
0 409 0.2405040675
0 413 -0.2218359935
0 5883 -0.4458184411
0 5848 -1.1583443929
0 6416 -0.0537199711
0 5838 -0.8817936583
0 6287 -1.5449625494
0 6417 -0.7072862224
0 5841 -0.0908571131
0 5894 -0.1674330375
0 5904 -0.7920150461
0 5913 0.4219758883
0 5921 0.2293647923
0 5939 -0.2703442764
0 5969 -0.1421201465
0 5895 0.6518217650
0 5905 -0.5115832616
0 5914 -0.7485644170
0 5923 -0.0776842945
0 5932 -0.0074457906
0 5942 -0.2381408155
0 5961 -1.7679856794
0 5970 0.0394594946
0 5884 -2.1168281436
0 5906 0.6936694025
0 5924 0.8675875712
0 5933 -0.0385763881
0 5943 -0.7667313241
0 5953 1.6775683854
0 5963 -1.0934095954
0 5972 -0.2615006635
0 5888 1.0750802052
0 5934 -1.3813944526
0 5898 -1.2868812267
0 5908 -2.1083141196
0 5919 -0.4474820349
0 5926 0.1717676623
0 5935 1.3982794267
0 5945 -0.4707537045
0 5955 -0.6898719278
0 5891 -0.1041074854
0 5900 -0.1467426050
0 5927 -0.6160097222
0 5946 0.1425948791
0 5966 0.1620844429
0 5975 -0.0534423816
0 5901 -1.0202034652
0 5911 -0.4761958677
0 5875 -2.1721214357
0 5948 -0.4663138576
0 5893 -0.5400141758
0 5902 -0.0638428315
0 5920 -0.4134878864
0 5938 -0.4730150758
0 5959 -0.1410430831
0 5968 0.2253209605
0 5988 -0.4193288533
0 5999 -0.7749597656
0 6455 -1.7845814683
0 5979 0.5756576617
0 6421 -1.7292318704
0 5991 0.2492557786
0 5992 -0.0685683968
0 6004 -1.8622782999
0 6458 -1.2842792140
0 5982 -0.4709528963
0 5993 0.0425964929
0 6425 0.4601859668
0 6451 1.0342502496
0 6309 -0.4088321233
0 5984 -2.1105309994
0 5994 -1.1399731456
0 6444 -0.4256098970
0 5997 -0.2541664477
0 6007 -1.8784694105
0 6445 0.2953734787
0 6453 -0.5405642857
0 5998 -0.4536989500
0 6427 1.2074710680
0 6435 0.1857536893
0 6446 -0.3938299546
0 6403 -0.1820294197
0 5922 -0.2623580172
0 5915 0.1818905187
0 5910 -0.1319185763
0 6401 0.1388352187
0 6003 -1.1535364114
0 5899 -1.0493320731
0 6396 -1.1497143771
0 5873 -0.3155914269
0 6418 -0.6923874311
0 5874 -0.0235055505
0 5916 0.4479594039
0 5878 -0.7417093652
0 5983 -0.6903354677
0 5990 0.3240493070
0 5996 -0.4423672199
0 5940 0.9348505389
0 5846 0.0215573164
0 5871 -0.1071586422
0 6436 -0.3959454285
0 5872 -0.6071976106
0 5956 0.1061997145
0 6402 1.1850086298
0 4758 -0.3464806510
0 5285 1.8693734909
0 9153 -0.9184029349
0 9137 -0.2233089370
0 9151 0.8792077628
0 9143 -0.4362839105
0 9201 -1.1158390400
0 6173 0.8586160100
0 6284 -0.7626271170
0 6276 0.2585821324
0 6258 0.6459468046
0 6252 -0.1321185201
0 6255 0.1211096775
0 6166 -1.3495216722
0 6085 -0.7278962057
0 6025 0.2335548563
0 6268 0.6145501931
0 6180 -1.1311358746
0 6143 0.7042258668
0 6041 1.2574107215
0 5829 -0.4070653350
0 8427 -0.8915952343
0 8218 0.6188206301
0 6023 -0.1322689682
0 5835 0.5533481855
0 5831 -1.1669538982
0 5830 0.5747939267
0 6039 -0.8897597377
0 6086 0.2667721353
0 6413 -1.0545502259
0 6412 -2.0913677753
0 6411 0.4696193494
0 6087 1.0428622784
0 6077 1.2289799040
0 6076 1.4015320057
0 6071 0.2471304159
0 6069 1.8864740979
0 6038 0.9180387769
0 6036 -1.0494826154
0 6035 0.2959343136
0 6034 1.2329626441
0 6030 1.6871006421
0 6024 -0.7383142315
0 6021 1.1588530532
0 6019 0.4039714039
0 6017 0.5245584336
0 6013 0.5987599371
0 6012 1.5392692745
0 6011 0.4252820312
0 6010 0.6501284009
0 5870 -0.9217400341
0 5867 -1.2279159646
0 5865 0.7466057203
0 5860 0.1277990329
0 5836 0.6144826253
0 6231 1.8125354930
0 6212 2.0350515569
0 6140 0.9190332525
0 6138 1.3842285787
0 6120 0.0770556430
0 6118 0.9820911208
0 6073 0.7025479375
0 6022 1.0866412874
0 6020 0.7004874831
0 8227 1.0409803357
0 8225 -0.5745530523
0 8230 0.9185375412
0 5856 2.4643136785
0 8307 -0.5821377857
0 1409 1.1694369337
0 6959 0.2734330680
0 7525 0.9610498214
0 6961 0.6800181924
0 6967 1.2069708011
0 6973 -2.2136463961
0 6974 0.8950559608
0 6976 -0.5003677909
0 7516 -1.4016083194
0 6979 0.5378542829
0 6980 2.4699642726
0 6982 0.3742597284
0 6983 0.6471651851
0 6985 2.4120982856
0 6931 -0.4569851835
0 6043 0.6623863897
0 6945 0.2254621828
0 7519 -1.4123447189
0 7526 -0.4521380148
0 7523 0.0053767825
0 6956 0.8053428968
0 6960 0.6401839197
0 7524 0.3749224023
0 6963 -1.0313576270
0 6964 -1.4451512007
0 6965 -0.4272375291
0 6966 -0.7548376505
0 6969 1.3272939168
0 6971 0.9130386375
0 6975 -0.1849949824
0 7517 -0.1087806076
0 6978 -0.4924579736
0 6981 -2.0914430831
0 6984 1.0197109191
0 6899 -0.0060126708
0 6903 -0.8934888630
0 6904 -0.3737615801
0 6905 0.5945322346
0 6906 -1.0110354465
0 6909 0.7831082984
0 6911 -0.3142346065
0 6916 0.4471234176
0 8215 -0.0715426532
0 6921 -0.7432137721
0 6932 1.1582099844
0 6046 0.5462651757
0 6944 -1.6144080621
0 7515 0.4430548759
0 7514 -0.8210824687
0 6962 1.2326515945
0 6968 1.5171481403
0 6972 -0.4103204381
0 6970 2.5228316583
0 6977 -0.4640265099
0 8329 1.3113596938
0 7379 0.7677038496
0 7080 -1.3591174118
0 6744 0.2311894742
0 7098 -0.4319221554
0 7158 -0.5777058667
0 7163 -0.4876672966
0 7165 -2.0727016222
0 7340 0.4979132032
0 7372 0.3225448715
0 7394 0.9918614324
0 7397 0.1693258508
0 281 0.6446749211
0 8258 0.5156232111
0 8259 0.8523631569
0 8290 0.1747586314
0 7461 -0.1042407851
0 7323 0.8941517330
0 8254 0.3201624834
0 8270 0.1049682129
0 8233 1.5191619740
0 8285 -0.9235243665
0 6016 1.3152759181
0 8423 -1.7859039826
0 8237 0.1508876476
0 6040 0.8027822863
0 6064 0.8724017781
0 6957 -0.6495980552
0 8369 1.1265620794
0 8247 -0.8050992868
0 8426 -0.3140119855
0 8428 0.2794001220
0 9058 0.2080745827
0 8249 -0.3046548107
0 9057 1.1523485593
0 7139 0.8089008595
0 7307 1.5272634734
0 7331 -0.9354422029
0 7337 -0.1766845276
0 7378 -3.1944352876
0 7405 -0.0183790781
0 66 0.4096824576
0 149 -0.0016410976
0 328 -0.7292571289
0 334 -1.4406756955
0 2274 -0.8357546048
0 5753 2.5146302522
0 6709 0.4379110666
0 7000 0.6198769336
0 6989 -1.2446619632
0 7031 -1.7578683508
0 7062 0.2181367952
0 7460 -0.2949813284
0 7123 -2.3144180952
0 7128 1.1754268837
0 7145 0.9992993110
0 7147 0.4731467039
0 7166 -0.0831273045
0 7255 0.3895564484
0 7275 -0.0655387376
0 7258 1.5643444645
0 7291 0.0568351672
0 7310 -0.1766400695
0 7330 0.5768261267
0 7333 -0.1188023492
0 7411 -0.9337076613
0 178 -0.4542300822
0 378 -1.2922258554
0 8241 1.4926690183
0 6988 2.9472934631
0 8256 -0.6667684144
0 8796 1.1078272025
0 8264 1.9362628618
0 8265 -2.2353319128
0 8231 0.6215685903
0 8271 0.1782265447
0 6190 -0.9681810705
0 8275 0.8656900023
0 8420 -0.0466585789
0 8283 1.8448987571
0 8284 -1.8766616209
0 6008 -0.9702146078
0 8422 -1.5984904088
0 8296 0.1579175307
0 8297 0.4465179045
0 8300 -0.6190573021
0 8235 -0.3139330638
0 8306 -1.7131852128
0 8310 -0.8860348287
0 8236 -1.2319853830
0 8311 -2.9318294487
0 8314 0.5541068596
0 8239 0.6525619733
0 8240 -0.0091770146
0 8323 0.7463847162
0 8242 0.4734333154
0 8325 -1.9111524722
0 8326 0.9483345635
0 8222 0.3637473393
0 8430 -2.1585001981
0 6042 -1.6462365075
0 8335 1.4129132698
0 8343 -2.6333859273
0 6074 0.8552429614
0 8351 1.1749278761
0 8353 -0.4270034409
0 8354 -0.4831976954
0 7296 -1.0700681072
0 8365 -1.4413175773
0 8374 -0.9196009028
0 8376 0.9587123967
0 8378 0.2511247343
0 8412 1.7299829048
0 8387 -0.0980185141
0 8389 -0.9416578705
0 6243 -2.4948899941
0 7507 -0.2088991788
0 7343 1.8530897705
0 6005 -0.7308587039
0 5729 -0.4453887839
0 5380 -0.6698607859
0 5381 0.1624763194
0 5565 -1.0594447028
0 7011 -0.5492006596
0 7199 -0.6183405072
0 7224 0.0592688907
0 7277 0.6080832668
0 7490 -0.1437477133
0 7492 -0.1760732865
0 7300 -0.1696737968
0 7306 0.0977325639
0 7408 0.6382962431
0 7418 -1.5633536588
0 5887 -1.2083092164
0 5987 0.1311308155
0 173 -0.9993098962
0 357 -0.1556517037
0 258 1.2899345342
0 374 0.9414676294
0 94 -1.2418117793
0 1859 0.4983447697
0 6188 2.3873875099
0 5207 -0.9498189685
0 6448 -1.1262128164
0 8312 0.4792413733
0 8313 1.8562675244
0 8334 -0.5256472239
0 8337 0.2774395747
0 8357 -1.6487616931
0 8366 -1.2180381787
0 8411 -1.2519766519
0 8388 -1.1404646466
0 8395 -1.2888172335
0 7014 0.5488893754
0 7035 -0.9030353711
0 6810 0.7314518233
0 7498 1.4799726884
0 7506 -0.6271810221
0 7390 -0.5445699459
0 7284 -0.7639301765
0 7081 -0.7433037168
0 8243 0.4574090180
0 8245 0.1506752938
0 7033 0.8108224651
0 2150 0.8375990931
0 100000 -1.5009998829
0 8266 -0.9393699440
0 6897 0.0822145617
0 6898 -0.4133334746
0 5837 -0.4388784527
0 6907 -0.2018683650
0 7438 -0.1421894587
0 6910 -0.0663433804
0 6913 0.7354064056
0 6914 1.2311299358
0 6918 2.5101381717
0 6919 0.8322865420
0 8214 -1.2532439715
0 6924 0.4521142971
0 8424 0.9635895669
0 6926 0.5774030721
0 6928 0.3740735549
0 6933 0.6916348394
0 7520 -2.0562628325
0 7521 -0.8048570075
0 6936 -0.0311728423
0 7522 0.6989051093
0 6937 -0.0806430157
0 6939 -1.4683216299
0 6900 -1.8433283005
0 6901 -1.8670668787
0 6908 0.5077086234
0 6009 1.1639066856
0 6915 -0.8197108833
0 6917 2.4950042250
0 6920 -0.1981604606
0 6922 0.1220283782
0 6923 -0.6434794970
0 6927 0.9512476394
0 6929 0.6395035814
0 6930 0.3156743137
0 6940 0.2281824741
0 6942 -0.8293583510
0 6943 2.3694379390
0 7518 0.7855693273
0 6946 -0.9319489553
0 8213 -1.1141183787
0 6951 -0.6175865453
0 6958 -1.1937578431
0 7305 -0.2522045891
0 7376 0.4162853938
0 7386 0.7278427145
0 7404 -1.2795357875
0 7403 1.4042890969
0 7457 0.1286035865
0 7463 -2.0856304225
0 7015 -0.8016036482
0 7024 1.8344805130
0 7079 0.2766047324
0 7152 -0.6917715691
0 7297 -0.0494729784
0 7381 0.0070872806
0 7413 0.1402389031
0 7176 1.4393236208
0 7352 -1.9627349132
0 2327 -1.6363165004
0 7117 -1.4533589682
0 7172 -0.1438000558
0 7168 1.4431672918
0 7423 -1.7018438342
0 7425 1.0168672161
0 7223 -1.3701605827
0 7239 -0.1108560301
0 7276 0.8725074192
0 7281 0.7199405838
0 7287 1.0019432851
0 7292 0.6309763275
0 7299 0.4015398754
0 7303 0.0435918947
0 7309 -0.4458498135
0 7328 0.3445215397
0 7406 -0.7630136109
0 2320 -0.6118738852
0 7242 -0.1668558980
0 7462 0.3843206109
0 5385 -1.6678395677
0 5292 0.3014279767
0 5337 -0.3298808820
0 5350 0.1518681711
0 5377 -0.1504055908
0 5386 1.4839205302
0 5310 0.9980196571
0 5282 -1.9300452357
0 5339 0.5397335606
0 5322 1.2365279938
0 5331 -0.4685018590
0 5364 0.1600158320
0 5373 -0.1838586275
0 4879 1.7709011210
0 7069 -1.5411540107
0 7496 0.6819903220
0 7502 0.4163980233
0 7344 -0.7114043762
0 7346 0.9038523853
0 7353 -1.8402137142
0 7373 0.0811160400
0 7384 -1.3505947127
0 81 0.3969134852
0 373 -1.5970613918
0 383 0.0711236348
0 1867 1.6299967250
0 957 -0.0113893616
0 998 0.3819553697
0 1006 0.3211561984
0 992 0.7443295102
0 1002 -1.8202480072
0 1166 -2.0480321299
0 9077 1.0484506417
0 9104 -0.1823073541
0 9152 1.1228582488
0 9165 -0.4206743817
0 9179 0.8958292898
0 6996 -0.3939730699
0 7008 0.1788660442
0 6729 0.9811868622
0 7092 -2.4295157799
0 7164 -0.5669655629
0 7169 0.8315590044
0 7181 -0.1406207920
0 7252 0.1249546577
0 7446 -0.4928856721
0 7270 0.8813042735
0 7483 -1.2479992978
0 7316 0.3410746956
0 7351 -0.5386751827
0 7391 2.1325380156
0 1 0.7624350956
0 392 -0.3471854935
0 379 0.5927551264
0 380 -0.5593675834
0 267 -1.5143024791
0 2057 2.2041109630
0 5742 -0.0677757544
0 5056 1.0833221325
0 5122 -0.6024092437
0 5158 0.4108260086
0 5832 0.5316794360
0 6994 1.0436705410
0 7002 0.9628125115
0 7026 -2.1433113814
0 6730 0.0871965739
0 7075 -0.8270151228
0 7126 -0.2075726123
0 7227 -0.4861150928
0 7229 0.0761286299
0 7449 -0.5553472602
0 6847 -0.1506011831
0 6953 0.3651339954
0 7320 -0.9705745174
0 7354 0.2118627217
0 7283 -0.0185892575
0 2 0.7258009814
0 386 0.3726803784
0 1716 -0.3018312899
0 1967 1.3153428427
0 5785 0.2666115902
0 4802 0.3586357984
0 5116 -0.6052249742
0 5202 -0.5704308883
0 7071 0.0671322188
0 7064 1.5324843776
0 7078 -0.0345128034
0 7094 1.3700325155
0 7141 -0.5425774699
0 7143 -0.1499648566
0 7151 -0.1266030709
0 7150 -0.3685516542
0 7424 -1.8875305782
0 7178 -0.1760049438
0 7188 -0.0984401988
0 7201 0.2056905149
0 7206 0.2192144857
0 7205 0.8854872250
0 7231 -1.7882665305
0 7244 0.1924875956
0 7260 0.9442080055
0 7263 0.4757034876
0 7280 0.4822778186
0 7282 0.2200872468
0 7472 -0.0915266220
0 7382 -1.2876989896
0 7392 -1.8402396435
0 7477 0.4318752399
0 8610 0.0126431369
0 8692 0.9145405484
0 6727 -0.2290943630
0 7105 1.3853340599
0 7479 -1.9964059081
0 7482 0.2513091662
0 7504 -0.5732768126
0 7508 -1.3993371075
0 7355 -0.1847879067
0 5896 0.1170244778
0 166 -2.2263874969
0 223 -1.4733455318
0 126 -0.5038934575
0 390 2.4441433233
0 321 -1.3200205474
0 259 -0.4048252487
0 362 -0.2053635420
0 260 1.3698314623
0 91 0.4057072016
0 641 -0.1102618763
0 5160 1.5633784798
0 5232 1.8151294555
0 5606 2.0086775355
0 5628 -1.2320205594
0 7004 -1.1533305827
0 7100 -0.3691888596
0 7102 1.0342868117
0 7110 1.1190201837
0 7135 0.7514529346
0 7186 -0.0292705522
0 7430 0.2583880179
0 2187 -0.5309925368
0 6094 0.0995129500
0 6096 0.1736388311
0 6109 0.8508159919
0 6112 0.3430394906
0 6124 -1.7709498164
0 6169 -0.4359306568
0 6202 0.5121500346
0 6203 0.7438367365
0 6242 -1.9032568162
0 6318 -1.0171351219
0 6990 -3.0293427429
0 6992 2.2977719115
0 6998 -0.4156747477
0 4927 -0.5283224167
0 4935 1.1759301214
0 4862 -0.8512388601
0 5596 -1.5210012553
0 5517 0.6901418438
0 5582 -2.4064076094
0 5590 -1.5083931179
0 5536 -1.8897963524
0 5670 -0.1865259996
0 5678 -0.1220781452
0 5645 -0.8572025934
0 2290 0.4000297670
0 5805 -0.6044540940
0 4997 0.5116201047
0 5341 -0.0026871241
0 6449 -0.4595721669
0 1366 0.6058662060
0 1363 0.0078183841
0 1317 -1.8909407262
0 1313 1.1603419653
0 1312 1.6758189829
0 1360 -0.7179582591
0 1362 -0.0100234354
0 1256 0.2404083046
0 9342 -0.2956202027
0 9450 -0.7189280775
0 9437 -0.7046360714
0 9436 1.2773866845
0 9434 1.0056268825
0 9427 0.2941765159
0 9421 -1.1046527235
0 9416 1.5255973223
0 9413 -1.5963273320
0 9412 1.4926454394
0 9411 0.1491570624
0 9410 1.3729706194
0 9408 1.6748137727
0 9407 0.2563905677
0 9405 0.9077379326
0 9404 -0.5961213144
0 9399 0.4196145868
0 9392 0.9422093989
0 9391 1.3011833364
0 9390 -0.2121957107
0 9388 0.5128232695
0 9386 2.0160768172
0 9385 -0.4507609295
0 9384 0.3135811581
0 9383 0.5824881449
0 9382 0.4821554719
