0 9381 1.9108757052
0 9380 1.6825547261
0 9378 -0.2246306787
0 9371 0.2922560497
0 9367 -0.5502436400
0 9363 0.3824156905
0 9356 -0.3094934381
0 9355 1.6750038380
0 9354 -0.0573555959
0 9353 0.3135357844
0 9352 -0.9234949019
0 9351 -0.6882522802
0 9344 0.4259551188
0 9343 0.5913406678
0 9339 0.1071298514
0 9336 -0.3211390443
0 9332 1.7259441478
0 9323 0.8516955972
0 9321 0.2479534422
0 9482 0.2033087358
0 9481 -0.1658499592
0 9472 0.9371838265
0 9471 -0.2110052701
0 9470 -0.0958846566
0 9469 -0.5555132466
0 9455 0.5443146765
0 9454 1.7880516095
0 9453 -0.2369356354
0 9451 -0.8145772642
0 9419 0.6160655724
0 9418 1.2955520087
0 9409 -0.6741777916
0 9402 -1.8007746131
0 9369 -0.0089236631
0 9349 -0.4634411564
0 9476 1.0913684429
0 9433 2.4936873473
0 9446 0.5404390590
0 9443 -0.8417120344
0 9442 2.1371350710
0 997 1.7459275296
0 996 -0.1090672471
0 1068 0.7476784106
0 1026 0.5661722386
0 1585 0.4511460734
0 1435 -2.0208114088
0 1169 -0.4927978914
0 1075 -1.0777685249
0 1132 -1.2334200344
0 1064 -1.5592210696
0 1063 0.2038323570
0 1062 1.0724736815
0 1247 0.8557625679
0 991 1.1009203480
0 1391 1.1068427946
0 1374 -0.7435802211
0 1318 -0.6699611498
0 1254 0.0735453864
0 1163 -1.8376100685
0 1153 -1.2627807864
0 1073 -0.1384187322
0 1072 -1.3771479367
0 394 -0.6847895923
0 7 -1.3706958213
0 203 0.3257271760
0 236 -0.9381653890
0 367 0.1897332472
0 123 -0.1649028497
0 395 -0.6224545100
0 196 -0.4391271721
0 264 0.0823189737
0 185 -0.3173706866
0 297 1.3013817647
0 318 1.6589017228
0 323 -0.3123520389
0 79 -0.0270924566
0 198 -0.3283368201
0 371 -1.3115303038
0 280 -0.6117005673
0 12 -0.3475249960
0 347 0.3759269201
0 268 -0.6962564964
0 288 1.2218316625
0 377 -0.1467293305
0 252 -0.7857258079
0 296 -0.6131103449
0 341 1.3220740806
0 156 0.1075089333
0 397 -1.1376435513
0 263 0.2545311303
0 48 1.5011539622
0 45 -0.0684904485
0 210 -1.2185648160
0 83 -0.9595356523
0 372 0.6919972183
0 393 -1.2731495896
0 205 -0.1092740590
0 87 0.4809102354
0 62 -1.0515926714
0 309 -0.1447218742
0 222 0.2143442363
0 160 -1.0722279568
0 229 -1.4056824022
0 369 -0.5011564680
0 227 1.2262915618
0 230 0.2242504512
0 217 -1.2214112315
0 194 -0.5476814827
0 391 0.0838419942
0 340 -1.3926054567
0 167 -0.4959872294
0 266 -0.0964604559
0 208 -1.1692980562
0 335 0.9632448683
0 213 -0.3053269049
0 388 1.1661352747
0 331 -0.8371034513
0 216 0.3602418870
0 277 -1.4629059470
0 85 0.6560721030
0 310 -0.1390813254
0 389 -0.6467497360
0 387 -0.0255176465
0 191 -0.2356915334
0 224 -0.0105012613
0 82 -0.5809073675
0 225 -1.3466167776
0 295 -1.2027608576
0 169 -1.4621604707
0 375 -0.0095636331
0 292 0.4887351464
0 215 -1.4341723072
0 337 1.6584899572
0 320 0.3407599220
0 171 0.0758212388
0 346 -1.5100518078
0 151 -1.1215793920
0 137 -0.7051372045
0 291 -0.2725737589
0 385 -0.0833119096
0 84 -0.5293324531
0 349 0.8246400421
0 219 -0.9467729628
0 322 -1.1007541916
0 204 0.0745861953
0 273 -1.3950761162
0 212 -1.1503075739
0 146 -0.0198999756
0 348 -0.3473897150
0 157 0.1340674714
0 214 -0.0150637071
0 316 -0.9117258709
0 186 -0.9043809075
0 314 0.1887853694
0 293 0.6904523684
0 183 0.2804750312
0 287 -1.5280162854
0 290 0.2803227078
0 168 -1.0530242628
0 343 -1.3112235064
0 153 -2.3340307090
0 339 -1.4358156289
0 60 -0.3153509962
0 174 -0.6805584028
0 88 -0.7106729043
0 359 0.0929835404
0 298 1.3288580688
0 162 -0.2439887708
0 311 -1.0720857310
0 329 1.4589902742
0 175 -0.4894561298
0 163 -0.2268828943
0 77 0.4720544912
0 302 -0.4036701403
0 231 -1.3341328088
0 148 1.2030432807
0 106 0.3812954044
0 283 1.1041938793
0 184 0.2049112470
0 122 -0.3265129183
0 170 -2.3281937637
0 396 1.2483700290
0 275 -0.1828499628
0 244 1.5970879117
0 116 0.7820981740
0 364 -0.7524226788
0 121 -0.0091403836
0 165 0.0332729916
0 32 1.4886891858
0 201 -0.6529175865
0 326 0.3823895013
0 368 0.8104440639
0 332 -0.3783594577
0 361 -0.9633950516
0 202 -1.4241324615
0 200 0.2705276570
0 257 0.2800256285
0 80 -0.9986629832
0 9 0.0704742137
0 187 -1.0526554752
0 89 -0.1580052305
0 207 -0.6093144594
0 69 1.4148216309
0 188 0.2670036527
0 306 0.4036238149
0 360 -0.7834820711
0 237 0.8390405244
0 327 0.0658791691
0 261 -2.2366023671
0 86 -1.0638498863
0 228 -0.6199706997
0 190 1.7831483613
0 74 -2.1730461565
0 8 0.9222631941
0 4 1.0721097909
0 159 -0.4569174511
0 262 -0.3290610740
0 51 2.6589552887
0 5 0.1259325436
0 363 -1.1267641814
0 338 -0.3816415249
0 355 -0.7885961425
0 269 -0.2216746895
0 278 0.5101099994
0 179 -1.1198986350
0 6 -0.9266369587
0 206 -2.5115264576
0 461 0.1403343443
0 466 -2.4717055050
0 9490 0.9490824895
0 9496 0.3013005279
0 9504 0.9910682919
0 9499 0.7307621171
0 9308 -0.4141333683
0 9305 0.7519650449
0 9302 0.0639606025
0 9309 -0.4106130715
0 4980 -0.6757418853
0 5444 0.4042136611
0 5394 -0.7161286241
0 5461 0.5391753228
0 5494 -0.0468437456
0 5398 -1.4748192523
0 5466 1.6378631219
0 5450 -1.4750833108
0 4675 -0.2871575008
0 4632 1.6189676885
0 5769 -0.9907515288
0 4757 2.0819063867
0 4827 -1.6891457854
0 4820 -0.7206139360
0 5159 0.7071593471
0 5759 0.8111921178
0 5739 2.2639976727
0 5738 -0.6121157809
0 5770 -2.7903007981
0 5826 -0.5504868296
0 5745 0.8943529251
0 5744 -0.4115284722
0 5774 0.5646930557
0 5760 -1.0664999116
0 5746 0.9911506816
0 5762 -0.9061550606
0 5711 0.6218218098
0 5802 0.5738944600
0 5740 0.5078594522
0 5716 0.1154460085
0 5772 -0.3053052989
0 5722 -0.4127535038
0 5751 0.4719984205
0 5721 0.6791920492
0 5812 -0.6543702778
0 5792 1.1417064737
0 5735 1.8565566901
0 5767 -0.2135192895
0 5817 1.1255623638
0 5807 0.0655529746
0 5777 -0.1812427732
0 5736 0.0292501359
0 5763 1.5489449765
0 5813 -0.0189744684
0 5741 -0.3923884845
0 5731 2.1777773720
0 5819 -0.1135790019
0 5724 0.3937480530
0 5789 1.2189756800
0 5141 -0.8886230535
0 5175 0.0297914309
0 5145 0.3535521872
0 5469 1.8888222104
0 5106 -1.5868475069
0 5299 1.2821425725
0 5335 3.1826313931
0 7121 0.9784006922
0 7106 0.0540012955
0 7104 0.7534917644
0 7113 0.0263982057
0 7116 -0.0238874126
0 7149 0.7201602343
0 7228 0.1736403107
0 7301 1.3019389442
0 7109 0.4008499602
0 6987 -2.2096965928
0 7028 1.4962974475
0 7029 -0.1917048542
0 7030 0.1057365267
0 7013 1.0823813610
0 7017 0.8519136102
0 7032 -0.3675979218
0 7073 0.7679458037
0 242 0.6349540707
0 104 -0.5012703172
0 282 0.4643707176
0 96 -0.9043684790
0 23 -1.7898416184
0 6102 1.2960652482
0 6938 -0.1696179243
0 8304 -1.1083496223
0 8238 -0.5298151922
0 8386 0.6889756306
0 8348 0.1470911949
0 1416 0.3992151118
0 6237 0.5717681120
0 6226 0.3399970630
0 6184 0.5782681205
0 6174 0.9146313630
0 6172 1.2928320749
0 6171 0.2079398101
0 6170 0.1838457072
0 6151 -1.5981236797
0 6150 -0.5221563487
0 6149 0.3131772396
0 6148 -1.3964850365
0 6147 0.6864372601
0 6146 0.3763019659
0 6145 -0.1508302694
0 6144 0.4749750030
0 6142 -0.1713375837
0 6141 -1.0796400302
0 6137 -0.2101134986
0 6136 -0.5119448419
0 6131 0.2163297571
0 6134 1.4540831685
0 6133 0.6380964672
0 6132 0.7322835702
0 6129 -1.5879501322
0 6128 -0.0167422389
0 6127 1.8717671186
0 6126 -0.2243891496
0 6125 1.7996105751
0 6123 0.9866400670
0 6122 -0.8801178557
0 6121 1.3871166743
0 6119 -0.5946931602
0 6116 1.5616076477
0 6115 1.1639716607
0 6114 1.8918733832
0 6111 0.5544244334
0 6110 0.8584848245
0 6108 -1.5411186958
0 6107 0.3051964389
0 6106 2.3522842107
0 6104 -0.4493882033
0 6103 0.5307725504
0 6101 1.0786029895
0 6100 0.6927635771
0 6099 1.8729776339
0 6098 -0.6032626890
0 6097 1.2216949591
0 6095 0.3457955699
0 6093 0.8425019980
0 6092 0.3605698829
0 6091 -0.7853907593
0 6090 0.2672273152
0 6177 0.3392330012
0 6221 0.6103940715
0 6244 0.2897399002
0 6241 0.7917518903
0 6240 1.4499545499
0 6238 2.2567611447
0 6236 0.0906975262
0 6235 0.7664276667
0 6220 1.3463809352
0 6218 -0.6637374537
0 6217 1.4952485792
0 6216 -0.6743583497
0 6215 1.5701676523
0 6214 0.1269821858
0 6210 -0.2053380890
0 6209 0.7880955156
0 6207 2.2773241815
0 6201 1.1539913079
0 6200 0.0016600401
0 6199 2.5031854070
0 6198 0.3343874492
0 6197 -0.1691028906
0 6195 -1.4116508729
0 6194 0.1489618044
0 6193 0.0266322250
0 6192 -0.0026893485
0 6191 0.1979647801
0 6189 0.5833883390
0 6163 -0.0714185773
0 6154 0.4075194734
0 8274 0.4633345159
0 7192 -1.1329665991
0 7194 0.1718904580
0 7210 -1.5687576944
0 7238 -0.9908621553
0 7245 -1.7317999885
0 7246 -2.0958382956
0 7256 0.3900734845
0 7265 -0.0648188039
0 7268 -0.9260608193
0 366 -1.3494358977
0 5245 -0.2634715135
0 5264 0.8369054303
0 7195 -1.6526808543
0 7262 0.3451405012
0 7250 -0.1958580398
0 1925 -1.4199619965
0 5719 0.5438175604
0 5798 0.8335410955
0 5816 -0.2059604793
0 5821 1.3400724445
0 5710 -0.8283528858
0 5715 -0.0181185626
0 5720 0.1723411847
0 5733 1.8095722347
0 5820 0.1567400472
0 5737 1.7701539378
0 5755 -0.4335831857
0 5781 -0.1871068236
0 5782 0.1694654536
0 5784 0.1676133642
0 5146 0.2214430861
0 5133 0.2053340334
0 5709 0.3217164212
0 5712 -2.1441481542
0 5795 -0.9468875384
0 5750 -0.2231402945
0 5708 0.9898560406
0 5749 0.2026817094
0 5727 -0.8053229786
0 5780 0.6865004034
0 5756 -0.4750822057
0 5723 1.7802270855
0 5730 -0.0806844229
0 5717 0.1524404463
0 5732 0.2804888269
0 5804 0.5231879754
0 5752 0.1991819096
0 5799 1.7209249536
0 5713 1.0819031486
0 5728 -1.2463313906
0 5787 0.7100025368
0 5788 0.8990166598
0 5793 0.3434913380
0 5803 0.8732347586
0 5758 1.1386415163
0 7317 1.0214643375
0 7034 -1.1586375796
0 615 -1.2002268403
0 627 -0.1282154149
0 607 -1.7098427915
0 631 -1.2025094905
0 623 0.0591504662
0 719 -2.3355896742
0 640 0.5950735394
0 827 -0.8229587967
0 895 -0.5306793909
0 946 0.0406319760
0 936 0.0933758816
0 7717 -0.6326670323
0 7787 -1.2264898134
0 7837 -0.3610139632
0 7847 -0.9141322867
0 7867 -0.1423683478
0 8077 0.8613076464
0 8122 -0.7472367520
0 1743 -0.5739905427
0 1799 0.6243272952
0 2175 -0.0745201849
0 2160 0.6713730842
0 2171 0.3363041275
0 2148 -0.2366510459
0 2180 -1.5424801657
0 2157 1.3185632396
0 1948 -0.1748530838
0 1941 1.5641708021
0 1949 1.2913882104
0 1965 -0.3986580177
0 1981 -1.9148260102
0 1992 -0.5413452099
0 2016 0.9170722732
0 2011 -0.3854054987
0 2019 -1.4469911320
0 2020 -0.2646959992
0 2151 -0.1104927702
0 1862 -0.6295766374
0 1872 -0.8878308079
0 1864 -0.3403304733
0 1871 -1.6061151259
0 1857 0.3390020833
0 1865 -1.1652133672
0 1873 -0.7357272884
0 1850 -0.5917201498
0 1858 0.9958787297
0 1874 0.0524387751
0 1868 -0.3875213010
0 1829 -0.3467674725
0 1853 0.0263263588
0 1926 -0.4358928264
0 1966 0.3826748811
0 1918 -0.5165434109
0 1959 0.6912940957
0 1936 1.7762068888
0 1952 -0.9330124699
0 1960 -1.0648598617
0 1968 0.3025890014
0 1938 0.5344730452
0 1963 0.5363387852
0 1720 -1.3284857570
0 1736 -0.2194376586
0 1744 -0.0083650134
0 1752 -0.9406093994
0 1729 -0.4845758415
0 1745 0.7943482827
0 1753 1.4979072036
0 1722 0.2743889347
0 1730 -0.5541472620
0 1738 -2.0895255936
0 1724 0.2384592024
0 1740 -0.4461400706
0 1733 -0.5068437707
0 1718 -0.5675700601
0 1726 -0.5987707771
0 1750 -1.6076645348
0 1782 -0.0340222092
0 1719 -1.1261283919
0 7566 -0.7157362561
0 1751 0.0065814657
0 2214 -0.4175010412
0 2201 -1.0604839146
0 2204 -1.2600767149
0 2294 -0.1236386303
0 2280 0.1059643297
0 2338 -0.2665990684
0 2292 0.4590173576
0 2300 1.1839166656
0 2316 -0.5494746744
0 2283 0.7546995423
0 7584 -0.3532603305
0 7580 0.4359616833
0 7578 -1.6366053910
0 7570 -0.2990182489
0 8608 1.2992041983
0 8727 -0.6572555416
0 8760 0.7390629879
0 8768 -1.5379919831
0 8616 -0.2246212459
0 8617 -1.8613972409
0 8770 -0.8912896692
0 8730 -0.6652917240
0 8619 -1.3134467419
0 8629 -2.0569025507
0 8612 -0.9855408009
0 8724 0.1853266019
0 8631 1.6282378154
0 8725 -2.0360380109
0 8640 -1.7310942332
0 8759 -0.4604823467
0 8774 -0.3378327063
0 8824 1.5959190958
0 8557 -0.9582199421
0 8791 -0.5538858591
0 8777 -1.4826897732
0 8811 -0.3757176478
0 8787 -2.3440702220
0 8805 0.5251357465
0 8534 -0.8806995163
0 8687 0.0167860168
0 9045 0.6841420759
0 8673 0.8823875947
0 9041 0.8325987888
0 8701 -1.8672782106
0 9053 -0.7102779388
0 8985 -0.3178403438
0 8957 -1.3927177791
0 8966 -1.3290109891
0 8695 0.0062595958
0 8967 -0.8617809569
0 9004 -1.4212761752
0 8690 -2.5752872795
0 9012 -0.1572358290
0 8969 0.1123890113
0 8961 -2.0383508664
0 8970 -0.0625460470
0 8954 -0.5669787360
0 8962 -0.9934426256
0 8965 -0.8048623778
0 8973 0.7308107910
0 8975 -0.5827736073
0 9006 -1.0880856613
0 8976 0.1454788182
0 9007 -0.9083221393
0 8977 0.3131431903
0 8992 -0.5548522873
0 9008 -0.4264094792
0 9001 1.4129897750
0 8719 -0.0296241139
0 8996 -0.0155508578
0 9011 -1.4802841606
0 1742 0.3208646768
0 1749 -0.5782866069
0 999 0.2052722284
0 1061 -0.8268280774
0 1404 1.1873066710
0 1552 1.0927164489
0 1257 1.4743936977
0 1158 -0.7723210421
0 1070 0.5690259996
0 9452 0.3054488920
0 417 0.3978741098
0 421 -0.1752289507
0 407 0.3543577018
0 424 -0.1095874389
0 402 -1.4380719836
0 403 -0.9205684792
0 404 -2.1455021950
0 428 0.3060575023
0 429 -0.4195720848
0 409 0.3769822481
0 413 -1.6016259302
0 5883 -0.2788739904
0 5848 -0.6079445615
0 6416 -0.1822015855
0 5838 0.2074112780
0 6287 -0.4088417089
0 6417 0.1827683809
0 5841 -0.5944563965
0 5894 0.4096333336
0 5904 1.4950685022
0 5913 -1.0306828656
0 5921 -0.1479204967
0 5939 1.4081684860
0 5969 -2.7127747387
0 5895 -0.3363607756
0 5905 -0.7835851652
0 5914 -1.7860458012
0 5923 0.1299169442
0 5932 1.5502611417
0 5942 -1.4364840186
0 5961 -0.3110740641
0 5970 0.7369476238
0 5884 -0.4321343437
0 5906 -0.3537346691
0 5924 -1.8099550143
0 5933 -0.3631750733
0 5943 -1.5041324964
0 5953 -1.0742732452
0 5963 -1.3631019349
0 5972 0.2901679633
0 5888 -1.8354984388
0 5934 -0.6823690159
0 5898 -1.0581880304
0 5908 -0.9479971767
0 5919 -0.9597091605
0 5926 -1.2167762520
0 5935 -1.9108838281
0 5945 -0.7385218831
0 5955 -1.0075680753
0 5891 -0.8760575040
0 5900 1.4249710360
0 5927 -1.4711559818
0 5946 -0.9126659232
0 5966 -0.4677428560
0 5975 1.1475414499
0 5901 1.2700004669
0 5911 0.0187452457
0 5875 -0.5657123969
0 5948 -0.6995139872
0 5893 0.9286453891
0 5902 -1.6350053521
0 5920 -0.6517876036
0 5938 -0.2207451319
0 5959 -0.5540774676
0 5968 1.6189211545
0 5988 0.3019169437
0 5999 1.5011397342
0 6455 -1.3484612403
0 5979 -1.6964392710
0 6421 -0.6833309421
0 5991 -0.0178222026
0 5992 -0.4872125704
0 6004 -0.8315100522
0 6458 -1.0696500917
0 5982 -0.4252623603
0 5993 1.4860388064
0 6425 -0.0692579601
0 6451 -1.2095417151
0 6309 0.0911075675
0 5984 -0.0835077648
0 5994 -1.5619602206
0 6444 -0.0435341168
0 5997 -0.0691916610
0 6007 0.8432655896
0 6445 1.0680199862
0 6453 -1.0722030729
0 5998 0.0528680434
0 6427 -1.6468313590
0 6435 1.1668786550
0 6446 -0.3685572985
0 6403 -0.6624609954
0 5922 -0.0020272530
0 5915 0.3323925413
0 5910 0.3457120265
0 6401 0.6847415186
0 6003 -1.1832719347
0 5899 -0.1063310050
0 6396 0.2234071951
0 5873 -0.0740463955
0 6418 -1.2820394751
0 5874 -0.6931314274
0 5916 -1.4350005160
0 5878 0.1592297738
0 5983 -1.0307284668
0 5990 -1.6330178328
0 5996 0.7320207587
0 5940 -0.6062365963
0 5846 1.7207949380
0 5871 0.5693514986
0 6436 -1.9073316263
0 5872 -0.4012238731
0 5956 0.0848832941
0 6402 -0.7679178839
0 4758 1.3173520315
0 5285 2.3598526508
0 9153 1.0929008674
0 9137 -0.4053470526
0 9151 -0.0290445508
0 9143 1.2069738587
0 9201 -0.2131453653
0 6173 1.8001074537
0 6284 2.0398961971
0 6276 0.4191516535
0 6258 -0.3073901102
0 6252 1.7289712944
0 6255 -2.3167002321
0 6166 0.5284373210
0 6085 0.4813912086
0 6025 0.9975734760
0 6268 -0.3385855713
0 6180 -1.1507241380
0 6143 -1.9172410962
0 6041 -0.2729885457
0 5829 -0.0026635360
0 8427 -0.2017483326
0 8218 0.4516132330
0 6023 0.5635902699
0 5835 -0.5673823786
0 5831 1.4352194030
0 5830 -0.3259422993
0 6039 -2.0599823380
0 6086 1.6596565536
0 6413 -0.2238357436
0 6412 1.6913527919
0 6411 1.0682991330
0 6087 1.0111134895
0 6077 -0.6610416093
0 6076 -0.0095386417
0 6071 -0.0398758816
0 6069 0.5416986844
0 6038 0.0710456218
0 6036 -0.0558812231
0 6035 -0.0221850288
0 6034 1.7173199978
0 6030 -0.5804475437
0 6024 0.5671994996
0 6021 0.6589366077
0 6019 1.9554666318
0 6017 0.3809969207
0 6013 0.7267247932
0 6012 1.1371638356
0 6011 1.3792666942
0 6010 0.2122796842
0 5870 0.8233366211
0 5867 0.5397937646
0 5865 -0.7294485133
0 5860 -0.2409457261
0 5836 1.4342723813
0 6231 1.6251102310
0 6212 1.1835533844
0 6140 -0.0590724385
0 6138 0.0255448119
0 6120 1.7684385032
0 6118 -0.6198228620
0 6073 -0.5487812578
0 6022 -1.9380681467
0 6020 0.6837398134
0 8227 0.0244780564
0 8225 -0.3522362229
0 8230 -0.4526933125
0 5856 2.9889477133
0 8307 1.0160633314
0 1409 0.5538611800
0 6959 1.7322412024
0 7525 0.9304382349
0 6961 1.5055405166
0 6967 -0.7091214323
0 6973 1.2657941593
0 6974 -0.7867923224
0 6976 -0.0485687118
0 7516 1.5827076542
0 6979 1.7323529689
0 6980 -0.3864044316
0 6982 0.5956567851
0 6983 -0.9422825225
0 6985 -0.3986781452
0 6931 -0.5242031433
0 6043 1.3708064251
0 6945 0.6449550998
0 7519 0.7484479490
0 7526 0.0793364370
0 7523 -1.1890015892
0 6956 0.6922339204
0 6960 -0.2083210670
0 7524 -1.2316716311
0 6963 -0.1597325745
0 6964 0.0088816108
0 6965 -0.6549252308
0 6966 1.3528921388
0 6969 -1.5798293096
0 6971 0.6123375942
0 6975 -1.7587383430
0 7517 0.3890767512
0 6978 0.1088970212
0 6981 -1.4268614299
0 6984 -0.3368420624
0 6899 0.1739988325
0 6903 -1.4862041668
0 6904 -1.2504808419
0 6905 0.5948941078
0 6906 -0.2507752025
0 6909 -1.1294724044
0 6911 1.1320881019
0 6916 0.1020450189
0 8215 0.3155069790
0 6921 1.0309221745
0 6932 0.0270069425
0 6046 -0.0449840262
0 6944 -0.3310774312
0 7515 -0.5696674397
0 7514 -0.5102312232
0 6962 0.2583517900
0 6968 -1.0102990401
0 6972 -2.0759641830
0 6970 0.4652150500
0 6977 -0.5351285807
0 8329 -1.1576158566
0 7379 -0.0380325689
0 7080 -0.9767877785
0 6744 -2.1833622137
0 7098 -0.3526817520
0 7158 -0.9485792510
0 7163 0.6766856444
0 7165 -1.5462740729
0 7340 0.8654910214
0 7372 -0.1867657455
0 7394 -0.9666957067
0 7397 0.0628425672
0 281 -2.0026551977
0 8258 0.9166902053
0 8259 1.0452912891
0 8290 -0.9467369829
0 7461 0.4054313500
0 7323 0.2308580980
0 8254 1.0911113135
0 8270 -0.5862413081
0 8233 0.2074142237
0 8285 -1.5713914968
0 6016 1.1728020302
0 8423 1.2419940108
0 8237 1.1914589626
0 6040 -0.1567219648
0 6064 0.8703457972
0 6957 -0.3838018917
0 8369 -0.8089451865
0 8247 0.3677544635
0 8426 0.6078853701
0 8428 -1.3183474126
0 9058 1.4015365044
0 8249 2.0551648660
0 9057 0.1947873462
0 7139 1.9277456481
0 7307 0.9736157574
0 7331 1.4924665615
0 7337 0.4342423345
0 7378 -1.8773590459
0 7405 -0.9413884647
0 66 0.4981859313
0 149 0.0099244514
0 328 -1.3496814328
0 334 -0.9737444584
0 2274 0.0541739729
0 5753 0.3625420418
0 6709 -0.1809592811
0 7000 1.2561976740
0 6989 0.6099505841
0 7031 1.0598869144
0 7062 0.2090020734
0 7460 -0.3036897453
0 7123 -0.0475870777
0 7128 0.0696088771
0 7145 1.1723902388
0 7147 -0.0009425515
0 7166 -0.1178469249
0 7255 1.6148692026
0 7275 0.7842414476
0 7258 1.9816731933
0 7291 -0.5279659964
0 7310 -0.4144811494
0 7330 0.7480565296
0 7333 0.2550913487
0 7411 -0.3206462858
0 178 -0.1280374384
0 378 0.2093646648
0 8241 -0.8244850824
0 6988 0.4779499977
0 8256 0.4310243165
0 8796 0.0228010108
0 8264 1.7576679908
0 8265 0.1025938080
0 8231 1.0082351854
0 8271 0.2134751987
0 6190 0.6838476397
0 8275 -1.1141147937
0 8420 -0.0789838624
0 8283 1.7994389198
0 8284 -0.9130012354
0 6008 -0.8731232254
0 8422 1.6650718725
0 8296 0.7960758110
0 8297 0.4344001096
0 8300 -0.4266398628
0 8235 -2.0579699904
0 8306 1.1689034715
0 8310 0.2962508264
0 8236 -0.3693472815
0 8311 -0.1883554164
0 8314 -0.1260711220
0 8239 -0.8875206401
0 8240 -0.9255146088
0 8323 -0.5639226882
0 8242 -0.1469761136
0 8325 -0.4745776837
0 8326 0.6189398746
0 8222 -1.0930869089
0 8430 0.4354152620
0 6042 -1.0304006095
0 8335 0.9320073191
0 8343 -1.1382290866
0 6074 -0.1165961218
0 8351 0.2580847059
0 8353 0.0150407954
0 8354 -1.2835267659
0 7296 1.1899441464
0 8365 -2.0113167344
0 8374 -0.4429518748
0 8376 1.3176059615
0 8378 -0.1095638101
0 8412 -0.2754457851
0 8387 0.6169420244
0 8389 -0.0654673613
0 6243 0.2709309854
0 7507 -2.0774060629
0 7343 -0.3756339918
0 6005 -1.5403061727
0 5729 -0.2793096037
0 5380 1.4764190690
0 5381 1.2306930692
0 5565 0.8651654448
0 7011 0.9139457675
0 7199 -0.3139566678
0 7224 -0.4583587364
0 7277 -0.2966703617
0 7490 0.1830121122
0 7492 -0.3145008960
0 7300 -0.9461324479
0 7306 -2.7644846444
0 7408 0.0701264076
0 7418 -0.5570519458
0 5887 0.4078665230
0 5987 -0.9470617607
0 173 -1.1377875215
0 357 0.5408507767
0 258 0.9165619765
0 374 0.1692646717
0 94 0.2591125246
0 1859 -0.4744099912
0 6188 0.6377831441
0 5207 2.2283790994
0 6448 2.0308923400
0 8312 -0.9429640082
0 8313 -0.6854948279
0 8334 3.7894724840
0 8337 -0.6263848294
0 8357 -0.8575614418
0 8366 -0.4190244294
0 8411 -0.7336297477
0 8388 -0.0724639994
0 8395 -1.0177802367
0 7014 -0.2197709702
0 7035 1.5821844027
0 6810 -1.5513317941
0 7498 0.6542117082
0 7506 0.0453748678
0 7390 -0.7917673574
0 7284 -0.7137302626
0 7081 1.5842900220
0 8243 1.2563271279
0 8245 -0.5982534880
0 7033 -0.8575974889
0 2150 -0.7147402479
0 100000 -0.7405831875
0 8266 1.8434759825
0 6897 0.0446468942
0 6898 -0.4400376603
0 5837 -0.6797869407
0 6907 -0.7134214662
0 7438 -0.3449881708
0 6910 -0.5180656731
0 6913 0.3290590753
0 6914 0.9937509772
0 6918 1.2823191113
0 6919 0.2166039658
0 8214 1.6432328973
0 6924 0.7600004358
0 8424 -0.4675252769
0 6926 0.6975046863
0 6928 -1.6751559803
0 6933 -0.2431709556
0 7520 1.5438761328
0 7521 -0.4804712813
0 6936 0.0023401791
0 7522 1.9960817727
0 6937 1.0881418357
0 6939 -0.6935634162
0 6900 2.1047227527
0 6901 2.5514814683
0 6908 0.1398309304
0 6009 -1.0207495738
0 6915 0.6086725735
0 6917 1.6731255952
0 6920 1.0096393788
0 6922 0.2164492105
0 6923 -0.3234989979
0 6927 -0.7146780541
0 6929 -0.3641627682
0 6930 0.0181144353
0 6940 1.3451440053
0 6942 0.4484558152
0 6943 0.1218032170
0 7518 -0.6509625105
0 6946 0.1576232216
0 8213 1.3775774826
0 6951 -0.9363239568
0 6958 0.1001852198
0 7305 0.1424152941
0 7376 -0.2959154636
0 7386 0.6922222627
0 7404 0.7772213024
0 7403 0.7120535279
0 7457 -0.7762481161
0 7463 -0.6047864848
0 7015 2.7690324336
0 7024 -0.5608050116
0 7079 -0.5320466780
0 7152 1.3532012995
0 7297 -1.1398959207
0 7381 1.5441355702
0 7413 1.1149470161
0 7176 0.6979689766
0 7352 -1.2129358696
0 2327 -0.9031026948
0 7117 1.0410693409
0 7172 0.6452668693
0 7168 0.7839819077
0 7423 -1.0242598342
0 7425 -1.2788355387
0 7223 1.6275796049
0 7239 0.2810866823
0 7276 0.0347531356
0 7281 -0.0879602439
0 7287 0.0422296749
0 7292 -0.1181110602
0 7299 -1.7193268037
0 7303 0.9939512011
0 7309 -1.0744526035
0 7328 -0.2275154029
0 7406 0.8320039229
0 2320 1.5877337901
0 7242 1.4734114015
0 7462 0.9767640630
0 5385 0.5227439632
0 5292 1.2482155965
0 5337 -0.4524802952
0 5350 1.0323391278
0 5377 -0.1897176331
0 5386 1.3620012496
0 5310 1.0602820593
0 5282 1.2943749070
0 5339 0.6593143834
0 5322 1.1300861648
0 5331 1.5269675255
0 5364 -0.3061389819
0 5373 -0.5517080876
0 4879 -1.5158788128
0 7069 -0.6955706153
0 7496 0.6614939663
0 7502 -1.0454242007
0 7344 -1.3797517814
0 7346 -0.3802413407
0 7353 0.0693255839
0 7373 -0.6465021345
0 7384 -1.0789995048
0 81 0.0012438239
0 373 -0.2975259444
0 383 1.2958058808
0 1867 0.7733415548
0 957 -2.1352262706
0 998 0.5486818481
0 1006 0.4344260809
0 992 1.1786608387
0 1002 -0.7587587846
0 1166 -0.9095975893
0 9077 0.3216210493
0 9104 -1.0726910349
0 9152 -1.3290596699
0 9165 -1.0111287722
0 9179 -0.5669964242
0 6996 0.3246865192
0 7008 0.4304876871
0 6729 0.3294647833
0 7092 -1.8064675240
0 7164 0.3634944472
0 7169 -0.1058648133
0 7181 -0.5652063032
0 7252 1.3463653657
0 7446 0.3638773196
0 7270 -0.4086929326
0 7483 0.9014081970
0 7316 0.6268212458
0 7351 2.3196470176
0 7391 -0.4328202811
0 1 1.3002861503
0 392 -0.8978455332
0 379 -1.2564155397
0 380 1.3269502568
0 267 -0.5150402672
0 2057 -0.1061800380
0 5742 0.9237861157
0 5056 -0.7214677812
0 5122 -0.0728542691
0 5158 0.0300830765
0 5832 -0.2700160518
0 6994 0.0204769556
0 7002 0.6950046114
0 7026 0.8613817810
0 6730 0.1991196796
0 7075 1.0581922327
0 7126 2.1448191085
0 7227 0.6995149045
0 7229 -0.1002670048
0 7449 1.1237904504
0 6847 -1.1869893967
0 6953 -0.7948661661
0 7320 0.1436069672
0 7354 0.5672239478
0 7283 -1.4679486719
0 2 0.3027760196
0 386 0.5409545184
0 1716 -0.1541721633
0 1967 -0.7112176051
0 5785 1.3568285970
0 4802 0.6084337994
0 5116 -0.5401168417
0 5202 0.9758377866
0 7071 0.8040825292
0 7064 0.0150095599
0 7078 0.2104382020
0 7094 -0.1351638379
0 7141 -0.8283460290
0 7143 1.9889932330
0 7151 -0.3105635820
0 7150 -0.1189755286
0 7424 0.3619248467
0 7178 -1.1290761885
0 7188 -2.3508252775
0 7201 -0.0899517765
0 7206 0.2709959034
0 7205 -0.0170455587
0 7231 -0.2914245014
0 7244 0.4361274769
0 7260 0.5621833636
0 7263 0.9879604670
0 7280 -0.8027932120
0 7282 -1.3155313343
0 7472 -0.3405764009
0 7382 -0.8402047368
0 7392 0.0852341977
0 7477 0.3305485203
0 8610 -0.2992433463
0 8692 -0.6332261981
0 6727 0.4196871306
0 7105 0.9528259520
0 7479 -0.8564055988
0 7482 1.4786047837
0 7504 1.1358071031
0 7508 -1.0051245149
0 7355 -2.1026320003
0 5896 -0.4146509365
0 166 -1.0617751686
0 223 0.0597251687
0 126 -2.1723585751
0 390 -1.6460806077
0 321 0.6364854986
0 259 -0.0558682834
0 362 -0.4708642518
0 260 0.7464363057
0 91 -0.4899131953
0 641 -0.4533647628
0 5160 -0.3175526272
0 5232 -0.4484627921
0 5606 1.4920324624
0 5628 -1.4586078832
0 7004 0.3339841929
0 7100 0.1046355708
0 7102 1.9110460777
0 7110 -0.4358282888
0 7135 -0.2031738977
0 7186 0.3322076650
0 7430 0.7651183865
0 2187 0.2953247773
0 6094 -0.9695337636
0 6096 0.6203797765
0 6109 -0.2420355278
0 6112 -0.6309897656
0 6124 2.3678492285
0 6169 0.0596377349
0 6202 1.7516702263
0 6203 -0.0644340087
0 6242 0.6058246844
0 6318 -0.0112451598
0 6990 0.2399830399
0 6992 -0.1149650119
0 6998 0.8492173693
0 4927 1.0384238186
0 4935 -1.1652244747
0 4862 -1.2486731349
0 5596 2.5967022524
0 5517 1.3330376630
0 5582 -0.7455245747
0 5590 0.9370611750
0 5536 1.6070389506
0 5670 0.3902654206
0 5678 0.6630300585
0 5645 -0.6140256253
0 2290 0.3227968501
0 5805 0.4627898118
0 4997 0.5851915089
0 5341 0.2039036695
0 6449 -2.5667115307
0 1366 0.4650240135
0 1363 0.9012139301
0 1317 -0.0130229391
0 1313 0.2554513088
0 1312 0.6821544181
0 1360 0.9690552360
0 1362 -0.3833491520
0 1256 0.8809030029
0 9342 -0.7323942779
0 9450 -0.4432496132
0 9437 1.7175622719
0 9436 -0.5278601740
0 9434 -0.7053072210
0 9427 -0.5669128374
0 9421 0.1320075392
0 9416 0.0211977842
0 9413 -0.5693432212
0 9412 0.3205566663
0 9411 0.5666783858
0 9410 -0.5104007736
0 9408 0.6707200253
0 9407 1.0031880289
0 9405 0.3232995604
0 9404 0.7644920182
0 9399 -0.0656494924
0 9392 -1.9380554778
0 9391 1.2781415227
0 9390 -0.2145278304
0 9388 1.3955159998
0 9386 0.2944704605
0 9385 2.3602237723
0 9384 0.8577884409
0 9383 1.1856708983
0 9382 2.2123684059
