0 9381 -0.1890300272
0 9380 0.5372232942
0 9378 0.6426110521
0 9371 0.0702870662
0 9367 1.2290215037
0 9363 -0.8200389178
0 9356 1.4255948911
0 9355 -0.3258179305
0 9354 -0.1623429062
0 9353 1.1750655433
0 9352 2.3399909944
0 9351 0.3358399380
0 9344 -0.3108648504
0 9343 0.5507779162
0 9339 0.3413657843
0 9336 -0.6597543274
0 9332 0.9179426516
0 9323 0.2905288678
0 9321 -1.2759264213
0 9482 0.4954659919
0 9481 -0.6415243422
0 9472 -0.3788614809
0 9471 -0.5821093278
0 9470 0.8723463813
0 9469 0.4559368340
0 9455 0.7388167846
0 9454 1.1319139483
0 9453 -0.3214747556
0 9451 -0.1747316133
0 9419 0.0443135521
0 9418 -0.6776426646
0 9409 -0.7668006672
0 9402 0.5586319439
0 9369 0.1383830099
0 9349 -1.5890491202
0 9476 1.9894244647
0 9433 -0.7650374460
0 9446 1.3032875818
0 9443 1.9504639328
0 9442 1.1418916849
0 997 0.2999190756
0 996 1.7650586259
0 1068 0.4065048901
0 1026 0.1512953818
0 1585 0.2658525693
0 1435 -1.5380998903
0 1169 0.6137013355
0 1075 0.0339469157
0 1132 0.5687011750
0 1064 0.2192496759
0 1063 -1.6446117195
0 1062 0.0377004888
0 1247 0.5797270435
0 991 0.4738632259
0 1391 -1.1416239811
0 1374 1.3551367033
0 1318 -0.1148378139
0 1254 -1.1415749710
0 1163 0.7316165459
0 1153 -0.1724118895
0 1073 -0.3467184943
0 1072 -0.3763949252
0 394 1.3054279479
0 7 -0.1350749916
0 203 -0.3637878216
0 236 -1.7648318703
0 367 0.2821469889
0 123 -0.7652504749
0 395 -0.4589865336
0 196 0.4316177985
0 264 -0.2775049258
0 185 0.1896333698
0 297 -0.1340583070
0 318 -0.3256446365
0 323 -1.2472769932
0 79 0.0376562417
0 198 -0.1834791678
0 371 -0.5058500710
0 280 0.3432055639
0 12 -0.0214241799
0 347 -1.7373614539
0 268 -0.6132145103
0 288 0.8089643467
0 377 -0.1357312653
0 252 -1.9358616827
0 296 -1.0963594884
0 341 -1.0941540879
0 156 -0.4387553608
0 397 -1.1607060650
0 263 0.1220203203
0 48 -0.2889554603
0 45 -0.6127299124
0 210 -1.5117220385
0 83 1.1121645951
0 372 -1.5881162076
0 393 0.7131945879
0 205 -1.4163511175
0 87 0.3800310227
0 62 -0.6358374849
0 309 -1.2463603086
0 222 1.5107347322
0 160 -0.6716660145
0 229 -0.7388158555
0 369 1.7605698413
0 227 -0.7375332940
0 230 -0.0781968642
0 217 -0.9180914984
0 194 0.7711562071
0 391 0.8098236080
0 340 -0.5034567446
0 167 -1.2101720866
0 266 -0.4637322126
0 208 -1.0343257309
0 335 -1.4574975648
0 213 0.4881380280
0 388 0.4555232381
0 331 -1.1304829286
0 216 -0.2525295038
0 277 -2.1760712197
0 85 -0.2774792060
0 310 -1.4575518196
0 389 0.1207760774
0 387 -0.6165387771
0 191 -0.4210462307
0 224 -0.7219671511
0 82 0.6442842388
0 225 -0.2993170529
0 295 -0.3777742286
0 169 -0.5277026661
0 375 -1.2888939694
0 292 -0.2871719646
0 215 -1.9040650481
0 337 -1.1699484605
0 320 0.4425205917
0 171 -0.0118911139
0 346 -0.7392233545
0 151 -0.7056487524
0 137 0.1895920820
0 291 -0.4328501627
0 385 -0.1188629508
0 84 -0.8286962255
0 349 -2.1655406314
0 219 -0.4106969474
0 322 1.0540319010
0 204 -0.3117950856
0 273 -2.5103610403
0 212 -0.0318917693
0 146 0.4013064746
0 348 -0.0987007633
0 157 0.4101234743
0 214 -0.7238071418
0 316 -1.6265701856
0 186 0.6569965256
0 314 -0.9374293868
0 293 -0.5524744885
0 183 -0.8423427921
0 287 -1.2422621926
0 290 -0.0147989427
0 168 0.4118555999
0 343 -0.4231895918
0 153 -1.2913737426
0 339 0.4043869664
0 60 0.4808289467
0 174 -0.5860455253
0 88 -1.3006137558
0 359 -0.6291990758
0 298 0.2640850943
0 162 -0.7077955225
0 311 -1.5727324397
0 329 0.2668003401
0 175 -2.0050413228
0 163 -0.8201551371
0 77 0.2082560514
0 302 0.5842515724
0 231 0.6136782686
0 148 -0.7520953865
0 106 0.8157686934
0 283 0.1147874113
0 184 -0.2548173481
0 122 -1.5492702642
0 170 -1.2395738994
0 396 0.2265777103
0 275 -1.9470734362
0 244 -0.2308080976
0 116 -0.1643397841
0 364 -0.8836767411
0 121 1.1600748312
0 165 -0.8106662990
0 32 -1.2103364440
0 201 0.4024283392
0 326 -0.1209064774
0 368 1.4802227523
0 332 -0.7579421856
0 361 -0.0774440589
0 202 -1.1843238346
0 200 0.4059005970
0 257 0.2053707188
0 80 0.2571373311
0 9 -0.1577891667
0 187 -0.3960116710
0 89 0.2817457220
0 207 -1.7151815552
0 69 -0.3451531973
0 188 -1.4147962197
0 306 -1.3580159523
0 360 0.5659095026
0 237 1.6954194077
0 327 0.1603956419
0 261 -0.7068606781
0 86 -0.6265000607
0 228 0.5727829740
0 190 -0.1792048247
0 74 -0.2840294789
0 8 0.9159235394
0 4 -0.8350317601
0 159 0.2960591779
0 262 0.4101141891
0 51 -0.1056092508
0 5 1.2071064753
0 363 -0.0114153644
0 338 0.9128757955
0 355 -1.0571336348
0 269 -1.5514907792
0 278 -0.1989235169
0 179 -1.3833852632
0 6 0.4496592973
0 206 0.7437111883
0 461 -0.0889108686
0 466 0.2191350307
0 9490 0.7092214133
0 9496 2.0605839413
0 9504 -0.3946842532
0 9499 -0.7067765735
0 9308 0.0419421094
0 9305 1.1133148918
0 9302 1.5017512248
0 9309 -1.0972116095
0 4980 -0.4881611385
0 5444 1.3517878466
0 5394 -0.3476543534
0 5461 1.1870848190
0 5494 -0.4097202771
0 5398 1.5759314469
0 5466 0.6104220976
0 5450 -0.8616600351
0 4675 0.2288847359
0 4632 0.5620878839
0 5769 -1.2352913247
0 4757 1.4772586147
0 4827 1.6099797392
0 4820 -1.6991407535
0 5159 -0.8859556747
0 5759 0.4608351207
0 5739 -0.4700471938
0 5738 1.2359416083
0 5770 -0.5871581616
0 5826 0.1097193258
0 5745 -0.6122631544
0 5744 0.3499588575
0 5774 -0.6586479135
0 5760 -0.4376426432
0 5746 0.4778897832
0 5762 1.3543993734
0 5711 -0.0307620249
0 5802 0.9383171629
0 5740 0.2186116467
0 5716 1.3175661871
0 5772 -1.0697837038
0 5722 -0.4027156295
0 5751 -0.9120275212
0 5721 -0.3027158435
0 5812 1.0447307989
0 5792 0.3202583244
0 5735 -0.3530479970
0 5767 0.3945661760
0 5817 -0.5020627483
0 5807 1.3037490784
0 5777 1.3140887136
0 5736 -1.7006547009
0 5763 0.4988804119
0 5813 -1.3974084017
0 5741 1.2563430003
0 5731 0.3924689892
0 5819 -0.1483046219
0 5724 -0.1909753975
0 5789 -0.1966677578
0 5141 0.3677838058
0 5175 -0.2162100545
0 5145 -0.3288439586
0 5469 1.0262337697
0 5106 -1.1669421213
0 5299 0.5153607295
0 5335 0.1947467544
0 7121 1.0769733764
0 7106 -0.2376845463
0 7104 -0.4983550450
0 7113 1.6298920096
0 7116 -0.6609674533
0 7149 -0.8823806106
0 7228 0.5501849552
0 7301 -1.4895594654
0 7109 -0.4882786094
0 6987 0.4373213494
0 7028 0.8913198778
0 7029 -0.7267196952
0 7030 -0.3212902781
0 7013 0.2495213291
0 7017 -0.8661005585
0 7032 0.3620849399
0 7073 -1.1240610020
0 242 -0.0208282763
0 104 0.5938358352
0 282 0.6633174510
0 96 1.1675169452
0 23 0.4553859963
0 6102 0.0287567170
0 6938 0.8603396712
0 8304 -1.1113159290
0 8238 0.1849915815
0 8386 0.3522866081
0 8348 0.2435849229
0 1416 0.5825293772
0 6237 -0.2116261656
0 6226 1.0675592688
0 6184 1.0434491412
0 6174 -1.5059721487
0 6172 0.9392435752
0 6171 -0.5016545376
0 6170 -1.3399048453
0 6151 1.1114793017
0 6150 -0.6969225426
0 6149 0.6825958188
0 6148 0.6523253761
0 6147 0.9967731618
0 6146 1.0584642433
0 6145 -1.9079198419
0 6144 1.8905633642
0 6142 -1.8562729836
0 6141 -0.9612626078
0 6137 0.4498739804
0 6136 -0.4730087413
0 6131 1.3770142823
0 6134 0.8988716475
0 6133 0.4607503605
0 6132 0.8304275233
0 6129 0.4121254381
0 6128 -1.4490827148
0 6127 0.8388616426
0 6126 0.1770012024
0 6125 -0.6939186174
0 6123 -1.2966962966
0 6122 0.8906477197
0 6121 -0.4457624270
0 6119 1.9117185711
0 6116 2.7156301970
0 6115 1.6439551504
0 6114 -0.1966568375
0 6111 0.1918087632
0 6110 -1.8895947684
0 6108 0.6357851521
0 6107 1.1416424588
0 6106 -0.3597080647
0 6104 -0.8701385246
0 6103 -1.9958337734
0 6101 -0.6603728169
0 6100 0.6734032370
0 6099 -0.8730553130
0 6098 -1.8376801096
0 6097 -0.7946623286
0 6095 0.5297864700
0 6093 -1.2697175539
0 6092 0.7254012906
0 6091 0.5828343010
0 6090 0.6648252340
0 6177 0.1190750554
0 6221 1.6169731050
0 6244 1.0523278849
0 6241 -0.2830657146
0 6240 -0.4657221909
0 6238 0.0915099957
0 6236 0.3840849120
0 6235 0.0505596857
0 6220 -0.2709844097
0 6218 0.3291154724
0 6217 0.4678182638
0 6216 2.7706422024
0 6215 1.0591135712
0 6214 1.2989945835
0 6210 -0.1426306163
0 6209 0.3142631935
0 6207 -0.1277763460
0 6201 -0.4429803207
0 6200 -0.2300946909
0 6199 -0.4376728379
0 6198 -0.1777973768
0 6197 1.3679608338
0 6195 -0.7448545769
0 6194 0.8878451557
0 6193 0.3160492571
0 6192 -0.4309670788
0 6191 0.8882953173
0 6189 -1.1646999718
0 6163 0.9646449294
0 6154 -0.5745564165
0 8274 1.6625199986
0 7192 -0.6134448932
0 7194 -0.4788879073
0 7210 1.2492737850
0 7238 -0.4731636920
0 7245 0.0794217695
0 7246 -0.6820579563
0 7256 -0.9424727825
0 7265 0.9146785815
0 7268 -1.4578538890
0 366 -1.5341850354
0 5245 1.1732290609
0 5264 2.3133598230
0 7195 0.5754448894
0 7262 -0.3744823248
0 7250 -0.9658457586
0 1925 0.8720331560
0 5719 0.3150678268
0 5798 0.4808605084
0 5816 0.5196589884
0 5821 -0.4997985659
0 5710 0.1260521431
0 5715 0.3514570172
0 5720 0.7584404250
0 5733 0.2458060633
0 5820 -1.3230549480
0 5737 0.2686319150
0 5755 -1.1648211731
0 5781 2.5224653076
0 5782 -0.5172286415
0 5784 -0.2708715444
0 5146 0.7642429265
0 5133 0.1165637505
0 5709 1.6978699296
0 5712 -2.8480983926
0 5795 -2.2804858842
0 5750 -1.0650667938
0 5708 -0.9143500433
0 5749 1.6113643900
0 5727 1.1915698142
0 5780 -0.7947401919
0 5756 -0.3598436000
0 5723 0.6840298370
0 5730 -1.3375576422
0 5717 1.6781492655
0 5732 0.7856601569
0 5804 -0.1968932878
0 5752 -1.0278272364
0 5799 -0.2801320627
0 5713 0.3073585125
0 5728 -0.9274831547
0 5787 -1.0040002621
0 5788 0.2930094766
0 5793 -1.0486987802
0 5803 1.6557428944
0 5758 -0.8225225463
0 7317 -0.5404433225
0 7034 -0.7788289704
0 615 0.0565687541
0 627 0.5343805878
0 607 2.1068515759
0 631 0.0615396519
0 623 -0.5713308013
0 719 0.9882232212
0 640 -0.3817020915
0 827 -0.1223389220
0 895 -0.4558780933
0 946 0.3001113676
0 936 0.2022524876
0 7717 -0.6121506143
0 7787 -0.8048321695
0 7837 -0.7654008863
0 7847 0.0568437197
0 7867 -0.0564201753
0 8077 -1.5652849439
0 8122 -0.9494786410
0 1743 -2.5425902625
0 1799 -0.4561376132
0 2175 0.1822448672
0 2160 -1.0728225554
0 2171 -1.4516458266
0 2148 0.8149007817
0 2180 -0.3783990800
0 2157 -0.8716040084
0 1948 -0.7777762513
0 1941 -1.2337785998
0 1949 0.6862490621
0 1965 0.7596557533
0 1981 0.7814003489
0 1992 -1.7942286607
0 2016 1.3237413366
0 2011 1.2135589749
0 2019 0.4889413096
0 2020 0.0974570441
0 2151 -1.3214807290
0 1862 -0.5140172070
0 1872 -0.2814861544
0 1864 -1.2643532957
0 1871 -0.9821464122
0 1857 1.3363511311
0 1865 -0.3458656782
0 1873 -0.5834658398
0 1850 -1.1006357207
0 1858 -0.7020037581
0 1874 -1.3559911185
0 1868 -0.0800253363
0 1829 -0.0496606262
0 1853 0.0103148643
0 1926 2.0093572604
0 1966 -0.5946190364
0 1918 -0.6862167705
0 1959 1.8198412944
0 1936 -1.2246068585
0 1952 -1.1412876472
0 1960 1.0309431266
0 1968 -1.9104343834
0 1938 -0.2714939488
0 1963 0.2386412172
0 1720 -0.8664679097
0 1736 1.9803661206
0 1744 -0.7744367920
0 1752 -0.4840962687
0 1729 -0.0675763835
0 1745 -0.1527520327
0 1753 -1.4685673026
0 1722 -1.1996018600
0 1730 -0.5079120804
0 1738 -1.6324450611
0 1724 0.0577960089
0 1740 -0.1458429221
0 1733 -1.9153865746
0 1718 0.3148054503
0 1726 -0.1809614457
0 1750 -0.1184764048
0 1782 -0.0098188732
0 1719 1.0465041604
0 7566 0.2930473601
0 1751 -0.6498152150
0 2214 -1.2860493500
0 2201 2.1523772999
0 2204 0.3765697446
0 2294 0.9154328013
0 2280 -0.2503886031
0 2338 2.0076667283
0 2292 0.9377271959
0 2300 -0.0951143356
0 2316 -0.0270362937
0 2283 1.8083605035
0 7584 0.5455643891
0 7580 -0.8722940798
0 7578 0.1113784255
0 7570 2.5195192613
0 8608 -1.3671888082
0 8727 -0.2878328112
0 8760 -0.3614640874
0 8768 -0.3278688742
0 8616 -0.6528421276
0 8617 1.6617853879
0 8770 1.1233905918
0 8730 -0.4492498370
0 8619 -0.0213946099
0 8629 -0.0355146819
0 8612 0.5561817682
0 8724 0.5281932943
0 8631 -1.0974416299
0 8725 1.1519390724
0 8640 0.8854294300
0 8759 1.1223093746
0 8774 -0.0264754079
0 8824 0.8509209353
0 8557 -0.5905979743
0 8791 1.0480040209
0 8777 0.4947986351
0 8811 0.0560980644
0 8787 -0.2976114720
0 8805 -0.4050410887
0 8534 -0.7024269564
0 8687 1.3547147637
0 9045 -0.1859868842
0 8673 -0.4195376108
0 9041 -1.1660474825
0 8701 1.5555145778
0 9053 -0.7557232878
0 8985 -1.5579043586
0 8957 -2.0427294526
0 8966 0.7679531741
0 8695 1.9273079283
0 8967 -1.5693756706
0 9004 -1.2892722634
0 8690 -1.3485134901
0 9012 -1.1193402679
0 8969 -0.7155557897
0 8961 -1.0644806830
0 8970 -1.8358158355
0 8954 -1.2931891263
0 8962 0.7072952087
0 8965 -0.1721896696
0 8973 -1.9027845007
0 8975 -1.5185951784
0 9006 0.8747074064
0 8976 -1.8299219182
0 9007 -1.2360599597
0 8977 -0.7210469230
0 8992 0.5098164096
0 9008 -0.8707806989
0 9001 -0.0617908382
0 8719 -1.8252919784
0 8996 1.3461423232
0 9011 -1.1206753526
0 1742 -1.3088631362
0 1749 -0.1167343491
0 999 0.4470339138
0 1061 -0.4020680562
0 1404 0.0892938046
0 1552 -0.9678026436
0 1257 -0.4579894989
0 1158 1.7743963947
0 1070 -1.9011618008
0 9452 0.5088009137
0 417 -1.7011126165
0 421 0.9759066809
0 407 0.5820197252
0 424 0.1373553029
0 402 -0.1362549963
0 403 1.4593252197
0 404 0.9923316047
0 428 -1.1053598762
0 429 -1.6687681346
0 409 1.0368311700
0 413 -0.2672384102
0 5883 0.3889117838
0 5848 0.0032452010
0 6416 -0.0043518403
0 5838 0.9863004744
0 6287 0.6577651956
0 6417 1.7742190720
0 5841 0.8256487479
0 5894 1.1006174919
0 5904 0.7058552760
0 5913 -0.2657095375
0 5921 1.3659075132
0 5939 1.1384594343
0 5969 0.2833128884
0 5895 1.4562614161
0 5905 0.5357446912
0 5914 0.0159381470
0 5923 -0.5446446825
0 5932 1.5552729373
0 5942 1.4665090750
0 5961 0.5532951968
0 5970 1.1120882081
0 5884 2.8233945774
0 5906 0.1377411528
0 5924 0.0407149330
0 5933 0.2703069262
0 5943 -2.0410209625
0 5953 0.5474751372
0 5963 0.8815615386
0 5972 0.8718945833
0 5888 0.4463097880
0 5934 0.6762608483
0 5898 -0.3379352384
0 5908 2.1795485044
0 5919 0.8303718022
0 5926 -0.9345444329
0 5935 1.1186023454
0 5945 -0.4798568165
0 5955 2.8924654477
0 5891 0.8909643668
0 5900 0.2350893656
0 5927 -0.3080013016
0 5946 0.2933776080
0 5966 -0.7283222014
0 5975 1.1553118842
0 5901 0.6014165634
0 5911 1.3048565576
0 5875 -0.0239721157
0 5948 0.2542965124
0 5893 1.4173807434
0 5902 -0.6171334110
0 5920 1.0530429501
0 5938 0.1326967086
0 5959 0.4691551552
0 5968 0.8947442908
0 5988 0.5896566560
0 5999 1.1996966531
0 6455 -0.3904871906
0 5979 0.9460119550
0 6421 1.5533119093
0 5991 0.0874802988
0 5992 0.0112381403
0 6004 1.0065640200
0 6458 0.0328268090
0 5982 0.2761822317
0 5993 1.0738463697
0 6425 -0.4912671619
0 6451 1.5369146791
0 6309 -0.7194953992
0 5984 0.4504304646
0 5994 1.1861515098
0 6444 -0.0124802835
0 5997 0.1189320495
0 6007 0.9646370057
0 6445 0.4386080373
0 6453 0.8776727483
0 5998 1.3647856054
0 6427 0.8435593963
0 6435 0.9063564574
0 6446 -0.8594113500
0 6403 -1.9735387674
0 5922 1.5208147012
0 5915 1.2771186440
0 5910 0.9201805342
0 6401 -1.8264033755
0 6003 1.3870447482
0 5899 0.5592159327
0 6396 -1.8660489709
0 5873 0.8510098938
0 6418 0.2924704409
0 5874 -0.5204774377
0 5916 1.8857645432
0 5878 0.7681077975
0 5983 1.8919356443
0 5990 0.5644881397
0 5996 0.9626112867
0 5940 3.0298027349
0 5846 0.8611839327
0 5871 0.3983006087
0 6436 2.4423964715
0 5872 -1.0217336223
0 5956 1.3913646762
0 6402 0.2404952008
0 4758 0.6894871768
0 5285 -0.4379365433
0 9153 -0.2224794710
0 9137 1.1672543928
0 9151 -2.3149745068
0 9143 -1.7043275560
0 9201 -0.8389901570
0 6173 -1.1138017034
0 6284 -0.3888022393
0 6276 0.3645961115
0 6258 0.2725092639
0 6252 0.5331056924
0 6255 1.1230426704
0 6166 2.0102381430
0 6085 1.2247035330
0 6025 -0.2889986102
0 6268 0.2735441558
0 6180 -1.2365181123
0 6143 -1.4093647516
0 6041 0.8126855138
0 5829 -0.2322579235
0 8427 -0.2198845865
0 8218 2.4308020103
0 6023 0.5954401783
0 5835 -1.0939071345
0 5831 0.9896262472
0 5830 -0.7148001683
0 6039 -0.4087106864
0 6086 -0.0911738272
0 6413 -0.0061315154
0 6412 0.9150542182
0 6411 0.1369333540
0 6087 0.0356081123
0 6077 -0.3803601794
0 6076 0.6610544664
0 6071 -0.7299406230
0 6069 -1.3126045852
0 6038 0.7036930135
0 6036 1.1306200142
0 6035 -0.1340296718
0 6034 -1.5694437853
0 6030 -2.3432148161
0 6024 0.1878664653
0 6021 0.3155550770
0 6019 0.2125115149
0 6017 -0.5109924094
0 6013 0.4614063435
0 6012 1.2359290377
0 6011 1.4769820134
0 6010 1.2344812557
0 5870 0.9918679945
0 5867 0.2509624643
0 5865 -0.3107978674
0 5860 0.2206920143
0 5836 -0.5000059709
0 6231 -1.2834203749
0 6212 1.9442803049
0 6140 -0.4669274582
0 6138 -0.9267229364
0 6120 0.7143953817
0 6118 -0.0241664259
0 6073 0.7058126709
0 6022 -1.3510553593
0 6020 -0.2974866370
0 8227 0.5256222450
0 8225 0.2322758261
0 8230 -0.9928095070
0 5856 0.3478880993
0 8307 -0.4471924522
0 1409 1.4456088568
0 6959 0.0747168751
0 7525 -0.9354907084
0 6961 0.1185386277
0 6967 0.3781193102
0 6973 -0.1370696537
0 6974 -0.2189187054
0 6976 0.9286006594
0 7516 0.4937532037
0 6979 0.0354456416
0 6980 0.5618897616
0 6982 2.1067238534
0 6983 0.0434668019
0 6985 -1.2402831513
0 6931 0.8544243392
0 6043 -0.2178543406
0 6945 0.7507787413
0 7519 2.1239566668
0 7526 -1.4554489026
0 7523 -1.1184928928
0 6956 0.7585098672
0 6960 -0.0012035614
0 7524 0.4093278364
0 6963 -0.2433755669
0 6964 1.2648649227
0 6965 -0.7084781716
0 6966 -0.2911976272
0 6969 0.8194341396
0 6971 -1.0649196242
0 6975 0.9612855188
0 7517 0.2479908336
0 6978 0.1403304933
0 6981 0.8214131779
0 6984 0.8885859781
0 6899 -2.0636922443
0 6903 -0.0311918025
0 6904 0.0076188821
0 6905 0.7627125623
0 6906 0.7532628773
0 6909 -2.4591548934
0 6911 -2.1447011077
0 6916 -0.1750774336
0 8215 3.1182538280
0 6921 2.4131130524
0 6932 -0.8563749742
0 6046 0.8302747601
0 6944 -0.0401709207
0 7515 -0.5059196299
0 7514 -0.8643461414
0 6962 0.3673216614
0 6968 0.4476004939
0 6972 -0.7169427559
0 6970 -1.9941647385
0 6977 0.0195998810
0 8329 0.0831117574
0 7379 -1.0220733132
0 7080 0.7307412253
0 6744 0.9925503234
0 7098 -0.6452855429
0 7158 1.7554757823
0 7163 -1.6194167555
0 7165 2.1345991566
0 7340 1.9086240197
0 7372 0.4745992669
0 7394 -0.4959743262
0 7397 -0.3332541141
0 281 0.7104665478
0 8258 0.2269496830
0 8259 -0.6909802088
0 8290 0.3323107675
0 7461 -2.5276603570
0 7323 -0.7178989364
0 8254 -0.3594460215
0 8270 -1.3348003008
0 8233 -0.7669286912
0 8285 0.4392490829
0 6016 0.6819230927
0 8423 0.3945324091
0 8237 0.8926166927
0 6040 -0.8098258214
0 6064 -0.7769848846
0 6957 0.0585909594
0 8369 -0.3196114328
0 8247 -0.0383940754
0 8426 0.8067455206
0 8428 -1.9256160868
0 9058 -0.7532321528
0 8249 1.4877894495
0 9057 0.9433093572
0 7139 -0.3349547638
0 7307 -0.7664891864
0 7331 -0.9019445372
0 7337 -2.0371181326
0 7378 0.5937993471
0 7405 1.5574845860
0 66 -0.9815923696
0 149 1.4698855137
0 328 -0.0114383187
0 334 -1.0869496513
0 2274 -0.7229606523
0 5753 0.4309423834
0 6709 -0.3017034190
0 7000 -0.6108373772
0 6989 -1.8099393894
0 7031 0.0666968443
0 7062 -0.4666179564
0 7460 0.0613114029
0 7123 0.4150280950
0 7128 0.7201549365
0 7145 0.5743111707
0 7147 1.1748440457
0 7166 -0.1315623039
0 7255 -1.1042905233
0 7275 2.3208201665
0 7258 0.7794335184
0 7291 -0.2949158659
0 7310 -1.4660735445
0 7330 -0.9348924645
0 7333 1.5419371019
0 7411 0.4526673819
0 178 0.1388273370
0 378 -2.5347020328
0 8241 0.6174676568
0 6988 0.9696232358
0 8256 -0.5164804484
0 8796 0.1401727960
0 8264 -0.5839817763
0 8265 0.5708088829
0 8231 -0.9813567360
0 8271 0.6371432250
0 6190 -0.5701330266
0 8275 0.4690195729
0 8420 0.7022079193
0 8283 -0.8770381144
0 8284 2.1323001247
0 6008 0.6547388118
0 8422 -0.1550193199
0 8296 0.3379982623
0 8297 -0.8118267650
0 8300 -0.1053184131
0 8235 1.6519040758
0 8306 0.7161847984
0 8310 -0.4122943932
0 8236 0.1921666313
0 8311 1.8338900047
0 8314 -1.1988328568
0 8239 -0.5263155209
0 8240 0.0427186723
0 8323 1.3207827203
0 8242 0.9565047460
0 8325 2.3851194346
0 8326 -0.2389618351
0 8222 1.3354690706
0 8430 -0.1314124287
0 6042 -0.6084445363
0 8335 0.7000726114
0 8343 0.4319177183
0 6074 0.7941230640
0 8351 -0.0125823154
0 8353 0.4901970090
0 8354 -0.6885037311
0 7296 -0.5106744073
0 8365 -0.3554099892
0 8374 -1.3496236972
0 8376 2.4461987033
0 8378 0.8660913782
0 8412 0.4530630898
0 8387 1.2514865563
0 8389 0.3716058235
0 6243 -0.5935668559
0 7507 0.9594374836
0 7343 -2.6047223696
0 6005 0.9068277640
0 5729 0.8269124168
0 5380 -0.3540519054
0 5381 -0.5278185730
0 5565 -0.2586263542
0 7011 1.0067911760
0 7199 -1.0974913168
0 7224 -0.2748663683
0 7277 -0.7579283885
0 7490 0.4733074530
0 7492 -0.1900210332
0 7300 -2.4228203903
0 7306 0.3745098926
0 7408 0.8508961911
0 7418 0.0243664198
0 5887 -0.6731983363
0 5987 2.4612637178
0 173 -0.5698562100
0 357 -1.2284480458
0 258 -1.0423407120
0 374 0.1702004110
0 94 -0.4019738444
0 1859 0.2779770046
0 6188 1.8442172787
0 5207 -0.0332816632
0 6448 1.0512681653
0 8312 -0.6568419917
0 8313 0.6142313108
0 8334 1.2864875484
0 8337 0.2845852245
0 8357 -0.4847316960
0 8366 0.0961285129
0 8411 -0.9205042277
0 8388 -1.3476207558
0 8395 0.0611091094
0 7014 1.6751161866
0 7035 0.3466235170
0 6810 -0.9550118127
0 7498 -0.0593041232
0 7506 -0.3577209884
0 7390 -0.7999318505
0 7284 -0.7273127810
0 7081 -0.0210550384
0 8243 -0.4752279267
0 8245 0.5851171470
0 7033 -0.5243696285
0 2150 -1.0589642730
0 100000 -1.0053895258
0 8266 -0.5623859820
0 6897 0.0718377417
0 6898 -1.1993030259
0 5837 1.0400947691
0 6907 -0.5944310035
0 7438 0.2400791119
0 6910 -1.3510074634
0 6913 0.3119766779
0 6914 0.0271426358
0 6918 -0.8061725927
0 6919 0.5085450986
0 8214 0.5003504935
0 6924 -1.7422844527
0 8424 -0.5608340050
0 6926 -0.5981388492
0 6928 0.3382360726
0 6933 -1.5972789729
0 7520 -1.4683507432
0 7521 -0.0567439509
0 6936 -1.6614853881
0 7522 -1.0498072605
0 6937 -2.5139149712
0 6939 -0.1017028170
0 6900 2.9629019986
0 6901 1.2883275480
0 6908 1.6002495645
0 6009 1.0826633122
0 6915 -0.2611290369
0 6917 0.5283856149
0 6920 1.3815023151
0 6922 0.1934379860
0 6923 -0.9673077145
0 6927 -0.1007550236
0 6929 -0.7731106249
0 6930 0.4609016391
0 6940 -0.0860293937
0 6942 1.3405700757
0 6943 0.7606991278
0 7518 0.6897739217
0 6946 -0.3234941728
0 8213 0.5361306604
0 6951 0.7472642201
0 6958 -1.6543257891
0 7305 -1.4918025461
0 7376 0.4074134368
0 7386 -0.3723282367
0 7404 0.2613602009
0 7403 1.4072944786
0 7457 0.2051775324
0 7463 1.4430980203
0 7015 -0.6038790187
0 7024 0.8893424546
0 7079 -0.3123792462
0 7152 -0.2166438594
0 7297 -1.3499765988
0 7381 0.1496616165
0 7413 0.7974140069
0 7176 2.0194609949
0 7352 -1.3694572777
0 2327 0.3124401777
0 7117 0.4821163513
0 7172 -0.2223395827
0 7168 0.2561657829
0 7423 2.3520527154
0 7425 0.8904183084
0 7223 0.9414883962
0 7239 0.3194020984
0 7276 0.1240086183
0 7281 -2.6052341137
0 7287 0.2675000835
0 7292 -1.3544764818
0 7299 -1.2684804106
0 7303 0.7154615987
0 7309 -0.9004934216
0 7328 -0.0886072614
0 7406 -0.5084418247
0 2320 0.2838150714
0 7242 -0.9998733783
0 7462 -0.1905752057
0 5385 0.5400540478
0 5292 -0.8330255615
0 5337 0.4871454753
0 5350 -0.4837029132
0 5377 -1.9180559021
0 5386 1.4954065010
0 5310 0.0836131889
0 5282 -0.3451892754
0 5339 0.6405540324
0 5322 0.2460832917
0 5331 0.9356588645
0 5364 0.0584774844
0 5373 -0.3074565835
0 4879 -1.2280345612
0 7069 0.1853004548
0 7496 -0.5996683867
0 7502 -1.6205282927
0 7344 0.0020858415
0 7346 -0.8457958926
0 7353 -1.1430534206
0 7373 0.6491713300
0 7384 0.5792041364
0 81 -0.0408503289
0 373 -0.2536280692
0 383 -0.2753030155
0 1867 0.9930409851
0 957 -0.2913543637
0 998 0.4795904244
0 1006 -0.1626843816
0 992 1.4070569196
0 1002 0.1395803575
0 1166 0.0351885624
0 9077 1.0474712303
0 9104 -1.3192895677
0 9152 -2.2089203637
0 9165 0.5230325914
0 9179 -1.8917559042
0 6996 -0.2976655627
0 7008 -0.7345077165
0 6729 -1.0401376790
0 7092 2.2973359548
0 7164 -0.6731312453
0 7169 0.7048038622
0 7181 0.1064478661
0 7252 0.2540912434
0 7446 1.0860949736
0 7270 0.5400252258
0 7483 -0.1090970718
0 7316 0.7290281783
0 7351 -0.6038340730
0 7391 -2.6749739508
0 1 -0.4995781658
0 392 0.0247007786
0 379 -1.2309028883
0 380 -2.1578080172
0 267 -0.7498493917
0 2057 -0.4490184688
0 5742 0.7518533043
0 5056 0.1064839208
0 5122 0.3952333292
0 5158 1.0214910786
0 5832 1.8656706707
0 6994 0.3091136203
0 7002 1.6411930089
0 7026 0.0688256957
0 6730 -0.2676408568
0 7075 -0.6407471849
0 7126 1.3528404033
0 7227 -0.7231961910
0 7229 -0.8209375588
0 7449 0.1580507976
0 6847 1.6059212211
0 6953 0.4509953364
0 7320 0.8056608470
0 7354 -0.5753444438
0 7283 0.0739810362
0 2 0.9122083973
0 386 -0.1816075326
0 1716 -0.5771972272
0 1967 -0.5520443187
0 5785 -0.8589140171
0 4802 -1.1033129774
0 5116 1.2542308310
0 5202 0.0485539223
0 7071 -0.1138460302
0 7064 -0.0379950273
0 7078 -0.6038161063
0 7094 0.0774393270
0 7141 0.2258366254
0 7143 -0.1447131307
0 7151 -0.8857746307
0 7150 -1.1071773265
0 7424 -0.6104940348
0 7178 -1.5791772771
0 7188 -0.2129389405
0 7201 -0.0381414751
0 7206 -1.2479736545
0 7205 -0.2307345997
0 7231 1.3582777696
0 7244 -0.2944402423
0 7260 1.0471196990
0 7263 1.7370184002
0 7280 -0.5549758412
0 7282 0.4456237448
0 7472 2.5000203202
0 7382 -2.1656327839
0 7392 0.0330060336
0 7477 -0.4265369198
0 8610 1.3694108288
0 8692 -1.6552522547
0 6727 -0.4200094061
0 7105 0.6126814216
0 7479 -0.4723012267
0 7482 -1.2717962964
0 7504 -0.8371184560
0 7508 -2.2852383090
0 7355 -1.6781293808
0 5896 -0.2976132432
0 166 -0.8771502637
0 223 0.2170404315
0 126 -0.2957859214
0 390 1.9356896883
0 321 -1.2524137107
0 259 -0.4919733686
0 362 1.8033479194
0 260 -0.7239691854
0 91 0.6889502531
0 641 1.0991671861
0 5160 -1.1567853895
0 5232 -0.9856642316
0 5606 -0.8641192588
0 5628 0.4299210424
0 7004 -0.4393189704
0 7100 1.2075782404
0 7102 -0.8498340619
0 7110 -1.2847866197
0 7135 -0.1271805257
0 7186 -0.0991749324
0 7430 -1.4992602537
0 2187 1.2977531692
0 6094 -0.0914457757
0 6096 -0.1997027773
0 6109 -0.1925837568
0 6112 1.6926141086
0 6124 0.4646389317
0 6169 0.0586548440
0 6202 -0.2177109477
0 6203 1.0797967611
0 6242 0.2753231567
0 6318 0.7331637586
0 6990 -1.1201934657
0 6992 -1.2146222840
0 6998 1.4568248092
0 4927 -0.6585169477
0 4935 -0.9989001824
0 4862 -0.6824309417
0 5596 -0.0970772309
0 5517 0.4945885405
0 5582 0.6760996199
0 5590 0.0793218067
0 5536 -1.2486006451
0 5670 0.7025112152
0 5678 1.3546135855
0 5645 0.0019949211
0 2290 -1.5432659357
0 5805 0.4459447063
0 4997 -0.4329634265
0 5341 -0.4744492722
0 6449 -1.7066023535
0 1366 -0.0705409894
0 1363 0.3194652452
0 1317 1.3674525023
0 1313 -0.9835385319
0 1312 0.1165897524
0 1360 -0.1454261101
0 1362 -0.2831769657
0 1256 -0.3911960537
0 9342 -0.1271927209
0 9450 0.4039130122
0 9437 -0.4307370648
0 9436 0.6501203317
0 9434 0.4284314779
0 9427 0.3493168929
0 9421 -0.1794528907
0 9416 0.1734308749
0 9413 -1.1991736037
0 9412 -0.2860876749
0 9411 0.9741835752
0 9410 1.2499024313
0 9408 -0.5931254002
0 9407 0.0825434457
0 9405 0.6360083781
0 9404 -3.0607466667
0 9399 1.3473915724
0 9392 0.6013738763
0 9391 -0.0304242397
0 9390 -0.1189092928
0 9388 0.3533171260
0 9386 -0.1530778413
0 9385 1.0515079469
0 9384 1.2127179717
0 9383 1.1480705171
0 9382 0.7401214533
