0 9381 0.1515501444
0 9380 -0.1706629161
0 9378 -0.1432663319
0 9371 -1.3957688345
0 9367 -0.7326906601
0 9363 -0.2373402249
0 9356 -0.4285584092
0 9355 -0.0416462826
0 9354 -0.4800010331
0 9353 -0.7313966048
0 9352 0.1742287601
0 9351 -0.3954794528
0 9344 -0.6706069956
0 9343 -0.5327079173
0 9339 -0.7454958393
0 9336 -0.5999725998
0 9332 -2.4554704565
0 9323 0.6426332037
0 9321 -0.6463844718
0 9482 0.8185232441
0 9481 0.9184029207
0 9472 -0.4507047600
0 9471 -1.0663828556
0 9470 0.4967125740
0 9469 -0.4016907940
0 9455 -0.1052033921
0 9454 -0.3038732558
0 9453 -1.8366608996
0 9451 0.0044079151
0 9419 -2.8454282869
0 9418 0.0484988301
0 9409 1.0871162031
0 9402 -1.0869545367
0 9369 0.3547707587
0 9349 -1.0915093267
0 9476 -0.2235231512
0 9433 -2.1570251622
0 9446 -1.2516346819
0 9443 -1.1547225181
0 9442 -1.9156088992
0 997 0.0401821360
0 996 0.1130146138
0 1068 1.0003216986
0 1026 -1.6524004776
0 1585 0.3978405509
0 1435 -0.1514539007
0 1169 1.3572966942
0 1075 1.2952027652
0 1132 1.5665800022
0 1064 -0.5829177426
0 1063 -1.3689124440
0 1062 1.3248566728
0 1247 -1.8056243702
0 991 0.1522701974
0 1391 1.6982139125
0 1374 2.0654811520
0 1318 2.1475130569
0 1254 1.1401184780
0 1163 0.1570149689
0 1153 -1.3568919322
0 1073 -0.3888021381
0 1072 0.1201012158
0 394 -0.4754797426
0 7 0.5373029900
0 203 0.9035911314
0 236 2.0040593449
0 367 -0.7686463723
0 123 1.0234650246
0 395 -0.2033151971
0 196 1.3851699972
0 264 0.4975655675
0 185 -0.7109458720
0 297 -0.4847821041
0 318 0.1565579973
0 323 1.7393877887
0 79 -2.1320759625
0 198 -0.8345469663
0 371 -0.6183158369
0 280 1.0839988067
0 12 -1.5991833987
0 347 -1.1253429565
0 268 0.9862780044
0 288 -0.2982984159
0 377 0.5430538638
0 252 0.9077339745
0 296 0.4395490910
0 341 0.3704223335
0 156 0.5037195363
0 397 0.1541936488
0 263 1.8012705015
0 48 0.2317679046
0 45 0.4161526219
0 210 -1.3768180246
0 83 0.2814240998
0 372 -2.3071471133
0 393 0.7053751346
0 205 2.3911393479
0 87 0.2820107873
0 62 -0.6937584495
0 309 -0.9422237439
0 222 -0.2507884340
0 160 -0.7900381759
0 229 -0.4507172080
0 369 -0.7059267711
0 227 -0.2859833846
0 230 0.2922717937
0 217 0.9544257933
0 194 -0.2561958610
0 391 1.5218115911
0 340 -0.6272143312
0 167 0.2088591617
0 266 0.6808813868
0 208 0.0697050528
0 335 -0.4129179961
0 213 -1.3465398699
0 388 0.3620343194
0 331 -0.3598278156
0 216 0.3894876534
0 277 -0.6852266818
0 85 -1.0730706118
0 310 -0.7553919562
0 389 -0.7808431913
0 387 -0.3053549274
0 191 0.3146372746
0 224 -0.8729806615
0 82 0.4151797453
0 225 0.6122993376
0 295 0.1824866395
0 169 0.8147884601
0 375 -0.8923364968
0 292 -0.3413545277
0 215 -1.4020511132
0 337 0.7726567691
0 320 0.6263627036
0 171 -0.4793643547
0 346 -0.2732115241
0 151 -0.1339556996
0 137 -0.1480432922
0 291 0.6759242025
0 385 0.3294916642
0 84 0.7766343769
0 349 -1.0048068265
0 219 -1.0636320243
0 322 -0.7490234112
0 204 -0.7158219414
0 273 -0.2304209380
0 212 -0.2648751338
0 146 -0.2415587573
0 348 1.8039423710
0 157 1.2013804987
0 214 -0.9461270808
0 316 -0.1201155204
0 186 0.2213675546
0 314 2.1966880876
0 293 1.3533880733
0 183 0.5596008460
0 287 0.3883040416
0 290 -1.1999156636
0 168 -0.5535787154
0 343 0.5727856754
0 153 1.0357262607
0 339 1.0686083694
0 60 1.3981752902
0 174 0.0239232202
0 88 0.8377189954
0 359 0.4032067100
0 298 -0.8373994272
0 162 -0.1671980337
0 311 0.7139057439
0 329 -0.4424816031
0 175 -0.1094315435
0 163 -0.3361646640
0 77 2.0397117607
0 302 -0.8703768315
0 231 0.3563460790
0 148 -0.4214167778
0 106 0.4050072172
0 283 0.6828451012
0 184 -0.2356093890
0 122 0.8151330374
0 170 0.1266934613
0 396 1.0781764395
0 275 0.9667065536
0 244 1.1020978061
0 116 0.9512247738
0 364 -0.3686705871
0 121 -0.7021034718
0 165 -0.5980706265
0 32 0.0247915401
0 201 -0.6889573752
0 326 0.8670933087
0 368 -1.1601408634
0 332 1.3188897816
0 361 0.8234208902
0 202 -0.1641564656
0 200 0.3582519605
0 257 -0.6443572111
0 80 -0.3453775120
0 9 0.3801177941
0 187 -1.2067592891
0 89 -0.0104679396
0 207 0.5603893744
0 69 0.5323613907
0 188 0.9813820395
0 306 -0.3935751522
0 360 0.9313193387
0 237 -0.0896764965
0 327 0.0698157727
0 261 -0.6872129067
0 86 -0.5152275478
0 228 -0.5739061835
0 190 0.1385129776
0 74 0.6962347946
0 8 -0.7572186882
0 4 0.5326886337
0 159 3.0199470943
0 262 -0.1055900788
0 51 1.5079157330
0 5 1.5329959298
0 363 -0.1819370426
0 338 1.0363387968
0 355 0.1421577693
0 269 1.2417875931
0 278 0.1405938157
0 179 0.0404354822
0 6 0.3810211921
0 206 0.7223168776
0 461 0.5118502250
0 466 2.3029008199
0 9490 0.4979991530
0 9496 1.7792559522
0 9504 0.8528106487
0 9499 2.3643570070
0 9308 1.9119890654
0 9305 -0.2396411180
0 9302 1.6136600331
0 9309 0.1207710163
0 4980 0.7879926900
0 5444 -0.8211827279
0 5394 -2.5819607323
0 5461 1.1965008937
0 5494 -0.2365640046
0 5398 0.2534940434
0 5466 0.8798534289
0 5450 0.6169803427
0 4675 -0.3496404744
0 4632 1.5567553543
0 5769 -0.4374996171
0 4757 0.8080372756
0 4827 -0.3778032119
0 4820 -0.8082708109
0 5159 2.9018161762
0 5759 1.7572440366
0 5739 -0.0422567598
0 5738 -1.3988397800
0 5770 -0.0477038583
0 5826 -0.7645773554
0 5745 -0.1499959180
0 5744 -0.6457275403
0 5774 2.0069294334
0 5760 -0.1091637418
0 5746 0.0423301771
0 5762 1.1536127589
0 5711 -0.6201289414
0 5802 1.3605258103
0 5740 0.3861748672
0 5716 1.2726152614
0 5772 1.1181159749
0 5722 1.3086804689
0 5751 0.6747405339
0 5721 -0.9144903588
0 5812 -1.2671733823
0 5792 3.2277142721
0 5735 0.7657203613
0 5767 1.6802467929
0 5817 -0.6019499925
0 5807 1.9254558995
0 5777 0.2951255409
0 5736 -0.2243002225
0 5763 1.8134738745
0 5813 0.2455197133
0 5741 -0.8193733697
0 5731 1.1909744593
0 5819 -0.6194222645
0 5724 0.4289138580
0 5789 0.4702856287
0 5141 0.4005056984
0 5175 1.3652812578
0 5145 -0.6875989730
0 5469 0.8572679646
0 5106 -0.0036004429
0 5299 0.8720110650
0 5335 0.7986009957
0 7121 0.6354605501
0 7106 0.1529730812
0 7104 -0.4288658780
0 7113 1.8068766844
0 7116 2.1303630176
0 7149 -0.3825667967
0 7228 -0.2507522614
0 7301 -0.4275816156
0 7109 -0.1148376363
0 6987 -1.1273640956
0 7028 -0.6018407703
0 7029 0.7050045089
0 7030 -2.7204024815
0 7013 0.9006603804
0 7017 -1.6136016036
0 7032 0.6632988322
0 7073 -0.2796001983
0 242 -0.0733026273
0 104 0.7555470926
0 282 1.6587947484
0 96 -0.8132097126
0 23 -0.0283102159
0 6102 1.0558734695
0 6938 -1.2746650098
0 8304 0.8096639586
0 8238 1.4358265909
0 8386 -0.9464104045
0 8348 -0.7352503782
0 1416 1.8452547139
0 6237 0.2528601848
0 6226 -1.4452480906
0 6184 -0.8920640323
0 6174 -0.2415985028
0 6172 0.2695353004
0 6171 0.9809084210
0 6170 1.5441423188
0 6151 -1.3618190168
0 6150 -0.0568883038
0 6149 0.1482469411
0 6148 -1.7404519254
0 6147 -0.6558645788
0 6146 -0.5925877597
0 6145 -1.3978752705
0 6144 0.6459028265
0 6142 -0.0611850912
0 6141 -1.1333335229
0 6137 -1.9898761643
0 6136 -0.7466198788
0 6131 -1.1141282211
0 6134 -1.6176820732
0 6133 0.7068047018
0 6132 -0.7841330248
0 6129 -1.3474263355
0 6128 1.7208374627
0 6127 0.5505461446
0 6126 -0.4680969201
0 6125 -0.8530713392
0 6123 -0.9082133515
0 6122 0.0096214508
0 6121 1.5973962185
0 6119 0.2158224859
0 6116 -0.0753603405
0 6115 1.2411043594
0 6114 -0.6555310912
0 6111 -0.5973017371
0 6110 0.7508197469
0 6108 -0.7767645219
0 6107 0.7268104081
0 6106 -2.3119766642
0 6104 0.8053454093
0 6103 -0.2891321915
0 6101 1.6346741228
0 6100 0.1185512509
0 6099 -0.5470401022
0 6098 -0.1683620764
0 6097 0.4292776439
0 6095 0.0812793466
0 6093 1.2063241300
0 6092 -1.1439815748
0 6091 -1.1948720199
0 6090 -0.1512263708
0 6177 0.9416136558
0 6221 -0.9249936877
0 6244 -0.2434521008
0 6241 -1.0993085090
0 6240 -0.9838984987
0 6238 -1.0882341531
0 6236 -0.2876188962
0 6235 0.0915827324
0 6220 -0.4927782363
0 6218 -1.6223992169
0 6217 -1.2204233912
0 6216 0.0374957357
0 6215 -1.2292633560
0 6214 -0.8754509018
0 6210 0.0043179339
0 6209 -0.4778022096
0 6207 -0.5040876162
0 6201 0.6242820606
0 6200 0.1653899906
0 6199 -0.7222303669
0 6198 -0.4767420911
0 6197 1.6916081710
0 6195 0.2613149687
0 6194 -0.7947467016
0 6193 -0.7607909106
0 6192 -1.1036433662
0 6191 -0.1982306807
0 6189 -0.5141650133
0 6163 0.0692096716
0 6154 0.1706217162
0 8274 -0.2342897204
0 7192 -0.5192165431
0 7194 -0.5336395115
0 7210 1.0527504326
0 7238 -0.9727216459
0 7245 -2.0443680739
0 7246 1.1250869850
0 7256 -1.1807504984
0 7265 -0.2378970066
0 7268 1.5670637929
0 366 -0.1351583429
0 5245 -1.5643240259
0 5264 0.2897507105
0 7195 0.8269453137
0 7262 -0.9073310646
0 7250 0.1154343981
0 1925 -0.7113432085
0 5719 -0.5032015204
0 5798 1.1541075283
0 5816 0.1830650231
0 5821 -0.7608991165
0 5710 1.8536302831
0 5715 -0.5666578405
0 5720 -0.4064971451
0 5733 -0.2998615896
0 5820 -1.6447045447
0 5737 0.2968303767
0 5755 1.8141482991
0 5781 -1.8817536346
0 5782 0.4873743756
0 5784 -1.5537251172
0 5146 1.2801462547
0 5133 0.3004681554
0 5709 0.9499084195
0 5712 -0.8271364978
0 5795 1.1287098507
0 5750 0.3696263049
0 5708 -1.9847173594
0 5749 -0.3658088681
0 5727 -0.6233785816
0 5780 0.7063624156
0 5756 0.8715580699
0 5723 1.1545249285
0 5730 -0.8665395997
0 5717 0.4811667063
0 5732 1.3156653861
0 5804 0.7980639024
0 5752 -1.0448417259
0 5799 1.0760874818
0 5713 0.6128505640
0 5728 -0.9199285668
0 5787 0.4882894564
0 5788 1.3645361906
0 5793 1.8043222091
0 5803 0.9100538034
0 5758 0.9105139110
0 7317 -0.6709327254
0 7034 -1.0136217552
0 615 -0.1592056434
0 627 0.5672216231
0 607 1.3274127627
0 631 -1.4085262503
0 623 -0.2766888804
0 719 0.0035077333
0 640 -0.4244193367
0 827 0.4845594438
0 895 1.6929023626
0 946 2.0126332179
0 936 1.7093274006
0 7717 1.0566544858
0 7787 -0.5415095166
0 7837 -0.2677816329
0 7847 -1.0112522106
0 7867 -0.8955079892
0 8077 -0.2226769893
0 8122 -0.1016112934
0 1743 -0.1048671281
0 1799 -0.7460639983
0 2175 0.0806675732
0 2160 -0.1716216388
0 2171 -0.4228800284
0 2148 -0.4307112538
0 2180 0.6605267656
0 2157 -0.4574020510
0 1948 -3.3595070122
0 1941 0.8061797287
0 1949 -0.6974159576
0 1965 -0.7147399463
0 1981 0.1541074135
0 1992 0.9566328007
0 2016 -0.3921255130
0 2011 0.7355012157
0 2019 0.5337994362
0 2020 0.5032650115
0 2151 0.8445982126
0 1862 -1.4520701541
0 1872 -0.1014167117
0 1864 -0.4076774732
0 1871 -0.7902703832
0 1857 -0.5469819491
0 1865 -1.1743734405
0 1873 -0.5024874915
0 1850 0.2771437709
0 1858 -0.3483686754
0 1874 0.1871041754
0 1868 -0.2637404491
0 1829 -0.9172797572
0 1853 -0.1017415940
0 1926 -1.4056576262
0 1966 0.6162666773
0 1918 -1.6708907783
0 1959 0.1964141227
0 1936 0.6248541466
0 1952 0.3970080767
0 1960 -2.3858960865
0 1968 -0.8649464967
0 1938 0.2934852012
0 1963 -0.1137356883
0 1720 -1.0040011344
0 1736 0.2332933909
0 1744 -1.7382546829
0 1752 -1.7619792189
0 1729 -1.9127045374
0 1745 -1.4405903605
0 1753 -0.3373556878
0 1722 -0.8442850343
0 1730 -0.3149288659
0 1738 -0.5976451770
0 1724 -2.1561556543
0 1740 -0.7989636072
0 1733 -0.0947786089
0 1718 0.1011600915
0 1726 -1.2984549243
0 1750 -1.1958344777
0 1782 0.7260865296
0 1719 0.1803265225
0 7566 0.1982003526
0 1751 -0.2120806873
0 2214 0.4566634672
0 2201 0.2747383256
0 2204 -1.2756925892
0 2294 -0.0062803068
0 2280 -0.2479617362
0 2338 0.8249696406
0 2292 0.4527352900
0 2300 -0.1888453438
0 2316 0.3477581028
0 2283 0.4379467769
0 7584 -0.0793024613
0 7580 -1.4455678226
0 7578 0.6741736747
0 7570 -0.3392763935
0 8608 0.1394157766
0 8727 -0.2398338464
0 8760 0.0837392887
0 8768 -0.5740861719
0 8616 -0.0006846539
0 8617 1.3566172592
0 8770 0.2433214074
0 8730 -1.2948027458
0 8619 -0.9029710327
0 8629 -0.1568225703
0 8612 -0.9178895332
0 8724 1.0570351913
0 8631 1.2056806470
0 8725 -1.0853610025
0 8640 0.6339053388
0 8759 -0.7079270067
0 8774 -0.0446139334
0 8824 -0.5763228726
0 8557 -1.1975386643
0 8791 0.2720624579
0 8777 1.7654118357
0 8811 2.1304760752
0 8787 0.8694044997
0 8805 -0.9724848837
0 8534 -0.2954881272
0 8687 1.1166995290
0 9045 0.0194731277
0 8673 0.4691984213
0 9041 0.4595799661
0 8701 0.4667922414
0 9053 -0.6375758320
0 8985 -1.5810592449
0 8957 -0.7051905144
0 8966 0.1487939014
0 8695 0.9044920346
0 8967 1.1214965948
0 9004 -0.4264725055
0 8690 -1.9931695310
0 9012 -0.7731078652
0 8969 -1.5125245209
0 8961 -0.2020095378
0 8970 -0.2642301248
0 8954 0.4223201663
0 8962 -0.2617402952
0 8965 -0.5380501764
0 8973 1.1062682638
0 8975 0.8045820880
0 9006 -0.6425181508
0 8976 0.0901685803
0 9007 0.3930945426
0 8977 -0.2610963206
0 8992 -0.5805900422
0 9008 1.6534249285
0 9001 0.2245859934
0 8719 -0.6566954585
0 8996 -1.0172725829
0 9011 1.1664934717
0 1742 -0.7481247273
0 1749 -1.7263212038
0 999 0.4881121523
0 1061 -0.8862275506
0 1404 1.4225313302
0 1552 0.2439701888
0 1257 -0.0367470529
0 1158 -1.2343892020
0 1070 -1.7036028317
0 9452 -1.0056161904
0 417 1.0584907731
0 421 0.7571113752
0 407 1.8412488399
0 424 1.4717765770
0 402 0.6621371690
0 403 0.0231706351
0 404 0.8502252882
0 428 -2.5029673183
0 429 0.4400832787
0 409 1.0920717448
0 413 0.2133116569
0 5883 0.9030888462
0 5848 1.4306053351
0 6416 0.9637749745
0 5838 1.2787167750
0 6287 -0.0379014524
0 6417 0.4751941112
0 5841 -0.9451023211
0 5894 0.9187059378
0 5904 0.5142188663
0 5913 0.6710948983
0 5921 0.0784581318
0 5939 1.6750127990
0 5969 -1.2717077748
0 5895 -0.3982561018
0 5905 0.2576352131
0 5914 1.0025770151
0 5923 0.2228080262
0 5932 0.6870888736
0 5942 0.2422781447
0 5961 -0.7011456408
0 5970 -2.2564320017
0 5884 1.0132640755
0 5906 -1.0688738592
0 5924 0.7898942666
0 5933 -0.2219806284
0 5943 0.5214861147
0 5953 -0.0912435238
0 5963 -1.0277302410
0 5972 -1.5959954719
0 5888 0.8087274361
0 5934 -1.0598828688
0 5898 -2.2804058005
0 5908 -1.1117530061
0 5919 1.3128107650
0 5926 -0.2610692296
0 5935 -0.4958692929
0 5945 0.1273163268
0 5955 -1.5642398607
0 5891 0.8195867410
0 5900 0.9159314866
0 5927 1.0765133666
0 5946 0.5226732914
0 5966 -1.9237144277
0 5975 -1.3149102792
0 5901 0.4438899913
0 5911 -0.6570377029
0 5875 0.7618779536
0 5948 1.1119305982
0 5893 0.4112192077
0 5902 0.7606837759
0 5920 -0.5779700525
0 5938 -1.0543780611
0 5959 -0.6011229486
0 5968 0.9479021559
0 5988 -0.3455075450
0 5999 -0.3088272784
0 6455 -0.3003831850
0 5979 -0.8341827611
0 6421 1.3327450156
0 5991 0.0944037735
0 5992 0.8149397892
0 6004 -0.2426117343
0 6458 0.1225153892
0 5982 -0.7083174551
0 5993 -1.2656917005
0 6425 0.4228047484
0 6451 1.2364849960
0 6309 1.4767351737
0 5984 0.1794834675
0 5994 0.7885096647
0 6444 -0.9066049378
0 5997 -1.9229567773
0 6007 -0.0568173524
0 6445 0.8674053538
0 6453 1.2787771498
0 5998 0.5212070861
0 6427 1.4181670702
0 6435 1.0739240441
0 6446 1.5099880795
0 6403 0.2755220803
0 5922 1.2182291202
0 5915 1.3421638190
0 5910 -0.7825200455
0 6401 0.2350734970
0 6003 -1.4214114415
0 5899 -2.6501087703
0 6396 -0.1032136103
0 5873 0.3324554147
0 6418 -2.1648650064
0 5874 -0.9645278200
0 5916 0.2955856159
0 5878 0.5827167642
0 5983 -0.1863222759
0 5990 0.4863642523
0 5996 -1.2713781318
0 5940 0.1222783613
0 5846 0.3932507805
0 5871 -1.6481662906
0 6436 -0.3147565676
0 5872 0.9313968413
0 5956 -0.3771280938
0 6402 -0.4070547311
0 4758 -0.8068865841
0 5285 0.1261370506
0 9153 -1.4864768988
0 9137 1.9206461291
0 9151 1.4320078937
0 9143 -1.4475321595
0 9201 0.1695501450
0 6173 -1.6748371481
0 6284 0.5775924515
0 6276 -1.1748895747
0 6258 1.5540924100
0 6252 -0.6350334834
0 6255 -0.6967415986
0 6166 0.3786451198
0 6085 0.6764946071
0 6025 -1.8711269560
0 6268 -0.4687419209
0 6180 -1.8540754623
0 6143 -0.6946932827
0 6041 0.7070474072
0 5829 1.9816447149
0 8427 -0.3557579704
0 8218 -0.1917811615
0 6023 0.3973319687
0 5835 -0.4739010280
0 5831 1.4505640915
0 5830 1.3680029957
0 6039 -1.0835083579
0 6086 0.0162140835
0 6413 0.1701924882
0 6412 -0.2762207306
0 6411 0.6961939360
0 6087 -1.3653224704
0 6077 -2.2369734345
0 6076 1.2493403424
0 6071 -1.2106477873
0 6069 -1.4708563481
0 6038 -0.3745462854
0 6036 1.1296670264
0 6035 -1.3455385064
0 6034 0.1008703163
0 6030 -1.5779767617
0 6024 -0.9391724607
0 6021 -1.6411245855
0 6019 -0.6780121066
0 6017 -2.3995012079
0 6013 0.5800603536
0 6012 -0.0482562808
0 6011 0.2228232539
0 6010 -0.8886964048
0 5870 -0.7071610476
0 5867 -0.8042632438
0 5865 -2.7640822933
0 5860 -0.7792579644
0 5836 -1.4682583627
0 6231 0.7610003316
0 6212 -0.8153385244
0 6140 -0.3016119483
0 6138 -0.4864460479
0 6120 0.4758507101
0 6118 -1.0936868317
0 6073 -0.0099049770
0 6022 -2.5171460187
0 6020 -0.1569147313
0 8227 -1.3563063481
0 8225 0.1613304089
0 8230 -0.8899597934
0 5856 -1.8095485088
0 8307 0.1567882571
0 1409 1.1347638651
0 6959 1.3803947699
0 7525 1.6949137595
0 6961 -0.8263643029
0 6967 1.2614139068
0 6973 0.2215429414
0 6974 -0.3235617182
0 6976 1.1586603771
0 7516 -1.5509012298
0 6979 -0.3491710619
0 6980 0.9258581255
0 6982 0.6767979685
0 6983 0.8971579623
0 6985 0.4323494354
0 6931 0.0575725613
0 6043 0.1014092035
0 6945 -0.1461219683
0 7519 0.2664707849
0 7526 -1.9246486463
0 7523 -0.1441004812
0 6956 1.1446060291
0 6960 0.7549362689
0 7524 -0.2073478302
0 6963 0.6773631264
0 6964 -0.0848899394
0 6965 -0.4846661097
0 6966 0.7183156145
0 6969 -2.4285593695
0 6971 0.8361946967
0 6975 1.1560471275
0 7517 -0.7506954280
0 6978 -0.0163065126
0 6981 0.1097732453
0 6984 0.9540334674
0 6899 -1.0533991539
0 6903 1.4089039460
0 6904 2.4658525440
0 6905 -0.5893200022
0 6906 -0.1140804722
0 6909 -0.9551410823
0 6911 -0.3931971712
0 6916 0.7501373318
0 8215 0.8134962238
0 6921 0.1490744874
0 6932 -0.6500149965
0 6046 0.2947443387
0 6944 1.2704983700
0 7515 -1.3970633574
0 7514 0.5568118320
0 6962 -0.5594855775
0 6968 -1.3118055260
0 6972 0.1475483789
0 6970 -0.6262340317
0 6977 -0.1714739544
0 8329 2.2838356199
0 7379 -1.7548937510
0 7080 0.6920049383
0 6744 -1.7310692010
0 7098 -0.6456422648
0 7158 1.1832987852
0 7163 -0.4451260338
0 7165 0.3937383009
0 7340 0.7612508099
0 7372 -1.7126909769
0 7394 0.2283371089
0 7397 0.1853382050
0 281 0.8718646884
0 8258 1.3637179428
0 8259 0.4701899476
0 8290 0.8667120677
0 7461 -0.1588638615
0 7323 0.4456159264
0 8254 2.7293866130
0 8270 0.6476945968
0 8233 -0.9575123278
0 8285 0.0649235303
0 6016 0.0787465999
0 8423 -0.4124574510
0 8237 1.1064392151
0 6040 -1.0264199054
0 6064 -0.3016530803
0 6957 -0.8913168412
0 8369 -1.1415929981
0 8247 -0.5467924386
0 8426 -0.0182661934
0 8428 0.4493990207
0 9058 1.1143600136
0 8249 -2.2521036198
0 9057 0.3057411175
0 7139 0.4447434283
0 7307 -0.6673414524
0 7331 -0.5248857092
0 7337 0.4473045955
0 7378 0.2834342949
0 7405 0.3762295008
0 66 1.1564281343
0 149 0.9327739314
0 328 -0.1496626378
0 334 1.5121323268
0 2274 -0.2553530557
0 5753 -0.3370877310
0 6709 1.6379327015
0 7000 -0.5706413704
0 6989 2.1495398238
0 7031 1.1187040951
0 7062 -1.7341237292
0 7460 0.5806165472
0 7123 -1.0923917757
0 7128 0.0681084354
0 7145 -0.3749919203
0 7147 0.0659311971
0 7166 -0.3683855844
0 7255 -0.7361063196
0 7275 -1.1960152740
0 7258 0.4108469889
0 7291 0.8923974613
0 7310 -0.6435793605
0 7330 1.5006137812
0 7333 0.0431131852
0 7411 -0.3519326192
0 178 0.2897524504
0 378 1.1927522355
0 8241 -0.7158538515
0 6988 1.2401566774
0 8256 0.9391937231
0 8796 -0.1974129968
0 8264 -0.0703018048
0 8265 -1.1656523262
0 8231 0.8674894774
0 8271 0.2145176921
0 6190 0.5659078909
0 8275 0.8474494719
0 8420 1.1250521148
0 8283 0.8498428799
0 8284 -0.5742563179
0 6008 0.0697857419
0 8422 1.4150445354
0 8296 -0.9967097792
0 8297 0.3380312878
0 8300 0.1640970745
0 8235 -0.1407370157
0 8306 -0.3465002329
0 8310 -0.2488590051
0 8236 -0.7628720582
0 8311 -0.6838137787
0 8314 -0.7884246034
0 8239 -0.2796569490
0 8240 0.2799067666
0 8323 0.7167403234
0 8242 -1.0616198115
0 8325 -1.1048160827
0 8326 -0.3892335155
0 8222 -1.1444997076
0 8430 -0.4139636432
0 6042 0.5339912455
0 8335 0.0904890097
0 8343 -0.7854878958
0 6074 -0.3698290507
0 8351 0.0246324801
0 8353 -1.1444204881
0 8354 0.6910067955
0 7296 -1.3125177963
0 8365 0.4808861476
0 8374 1.0507710543
0 8376 -0.0854233538
0 8378 1.7224735047
0 8412 0.5493796116
0 8387 0.0084051250
0 8389 -0.4264968163
0 6243 -3.0677041267
0 7507 -0.0324882879
0 7343 -1.0574963729
0 6005 -0.3273898703
0 5729 1.3222740101
0 5380 -1.5500055834
0 5381 -0.8311134922
0 5565 0.2726636792
0 7011 1.2339033879
0 7199 -0.0872885292
0 7224 0.4401606111
0 7277 -0.5089932938
0 7490 0.0885982354
0 7492 -0.7362239101
0 7300 -0.4674561351
0 7306 -0.0198803404
0 7408 0.9436797881
0 7418 1.3248999603
0 5887 0.5928296435
0 5987 0.4163876690
0 173 -0.1942449293
0 357 -0.5169143435
0 258 -0.4032836862
0 374 -0.1612723309
0 94 1.3766845967
0 1859 -0.0272182076
0 6188 -0.2640495797
0 5207 0.5966643131
0 6448 0.5388572009
0 8312 -1.3980158086
0 8313 0.0154296621
0 8334 -0.2449238732
0 8337 0.4315344973
0 8357 0.2299833239
0 8366 0.3418790607
0 8411 0.2654631663
0 8388 -1.0529366501
0 8395 -0.9578911429
0 7014 1.6120522719
0 7035 1.2864465899
0 6810 -1.7198185125
0 7498 1.4659262314
0 7506 -1.1247771080
0 7390 -0.5178002966
0 7284 -1.6954099736
0 7081 -0.3825978224
0 8243 0.0286828773
0 8245 0.2698998840
0 7033 -0.8961479309
0 2150 -0.0030136399
0 100000 -0.6759159316
0 8266 0.9131962789
0 6897 1.1974047962
0 6898 -0.9915798668
0 5837 -0.2618348251
0 6907 0.5097509407
0 7438 1.3498479581
0 6910 0.1354740324
0 6913 -0.6062950223
0 6914 -0.4335150027
0 6918 -0.0571766668
0 6919 -0.4506352102
0 8214 -0.0591806886
0 6924 0.1925785149
0 8424 -0.4653494501
0 6926 1.4255905047
0 6928 0.8610420214
0 6933 -0.4768355122
0 7520 -2.0374434042
0 7521 -0.1399493859
0 6936 1.0231973545
0 7522 0.5216707084
0 6937 0.4586628616
0 6939 -0.8773666331
0 6900 1.2230526468
0 6901 0.4675514665
0 6908 2.0049744477
0 6009 -0.6772996364
0 6915 1.1675094675
0 6917 0.7298424089
0 6920 -1.2673504512
0 6922 1.7483588244
0 6923 1.4492310996
0 6927 -1.5668322219
0 6929 -0.3881103248
0 6930 2.4873793823
0 6940 1.2109587998
0 6942 0.3732702083
0 6943 0.2686138066
0 7518 0.5532183774
0 6946 -0.3483899584
0 8213 -0.2965248743
0 6951 0.5938370665
0 6958 1.7687832425
0 7305 0.6034837070
0 7376 1.1065994729
0 7386 0.1422001375
0 7404 1.2541832603
0 7403 -2.3634774476
0 7457 1.1688882515
0 7463 -1.4743592843
0 7015 -0.6626377481
0 7024 0.7064509845
0 7079 -1.0293006301
0 7152 0.9076740514
0 7297 0.4762514134
0 7381 -0.0079961724
0 7413 0.7921035326
0 7176 -2.3120604779
0 7352 0.6921883148
0 2327 0.0434690679
0 7117 -1.0402529945
0 7172 -0.1849614092
0 7168 -1.0797111653
0 7423 0.9526443360
0 7425 -1.1126962912
0 7223 -0.7368707995
0 7239 0.3575525750
0 7276 0.4229150262
0 7281 -0.4732787793
0 7287 -0.5849832206
0 7292 0.3950326865
0 7299 -0.2402441141
0 7303 0.0528357068
0 7309 -0.9799800897
0 7328 0.9504940329
0 7406 1.4996121658
0 2320 0.1083367974
0 7242 -0.4125218464
0 7462 0.1852060660
0 5385 1.9252766426
0 5292 -1.0802497431
0 5337 0.9899223752
0 5350 1.8073591572
0 5377 1.2432095158
0 5386 0.4971662859
0 5310 0.7615735898
0 5282 0.9571489468
0 5339 2.3135650972
0 5322 -1.5637915057
0 5331 1.1757062491
0 5364 1.3052663613
0 5373 1.8262673301
0 4879 -0.5459620571
0 7069 0.7120945550
0 7496 -0.4699375751
0 7502 1.2173713390
0 7344 0.2974884540
0 7346 1.0699709689
0 7353 -1.8600790816
0 7373 -0.1696018189
0 7384 -0.5439439435
0 81 -1.1408454450
0 373 0.6514068054
0 383 -0.5317447891
0 1867 -0.3903656085
0 957 -0.6548423858
0 998 -0.3841702739
0 1006 -0.8280741126
0 992 0.4909647245
0 1002 0.2014900690
0 1166 -0.3677473707
0 9077 -0.8997477854
0 9104 -0.2961021918
0 9152 -2.0513333314
0 9165 1.2218495992
0 9179 0.5315598368
0 6996 0.9461959086
0 7008 -0.1998568444
0 6729 -1.1486120198
0 7092 0.9454684283
0 7164 0.7885125657
0 7169 0.9144859853
0 7181 0.9091969229
0 7252 -0.4107805226
0 7446 -0.0446242152
0 7270 -0.1637286585
0 7483 -0.4850068176
0 7316 -2.2950833498
0 7351 -0.5382502868
0 7391 -1.0821339429
0 1 -1.5538048403
0 392 -1.1475689372
0 379 0.7711440258
0 380 1.5669628707
0 267 -0.3741765905
0 2057 -0.4212219366
0 5742 0.8007847914
0 5056 0.8907292962
0 5122 -0.3600166894
0 5158 -0.9028429620
0 5832 -1.5214520004
0 6994 0.5248875058
0 7002 -0.0944219556
0 7026 0.2624195868
0 6730 1.7428623072
0 7075 -1.0271218678
0 7126 -0.8945532551
0 7227 1.5776901906
0 7229 -0.5062843081
0 7449 -0.2252443106
0 6847 1.5741812237
0 6953 -0.2030003693
0 7320 1.8992572423
0 7354 -0.0008494958
0 7283 0.0507860185
0 2 0.1898435674
0 386 -1.5849202530
0 1716 -0.5956813617
0 1967 -1.1239090448
0 5785 -0.0388336153
0 4802 1.1121287297
0 5116 -1.7038819913
0 5202 0.7449652590
0 7071 -0.8244099342
0 7064 -0.3023958729
0 7078 1.1590903326
0 7094 0.4234901482
0 7141 -1.0677407385
0 7143 -0.2416023134
0 7151 0.1912460115
0 7150 1.0646838124
0 7424 0.2932469165
0 7178 -0.0358083039
0 7188 -1.3627485700
0 7201 -0.2091075758
0 7206 -0.1576186703
0 7205 0.4574355619
0 7231 2.1109357429
0 7244 1.1589452508
0 7260 0.4673331036
0 7263 -0.1162445265
0 7280 -0.6054400522
0 7282 -1.8086752380
0 7472 -0.3972202979
0 7382 -0.8329725019
0 7392 1.3694609092
0 7477 -1.1749993536
0 8610 0.2802233910
0 8692 0.7665243446
0 6727 -0.5026214721
0 7105 0.8395692087
0 7479 -0.7586009731
0 7482 1.7759843694
0 7504 0.6165237822
0 7508 0.2512566117
0 7355 -0.6935297269
0 5896 0.3369053473
0 166 -0.0060958371
0 223 0.0670516416
0 126 -0.4195147937
0 390 1.0893156101
0 321 0.0575250293
0 259 0.4513950128
0 362 0.5256430649
0 260 -0.3214830825
0 91 0.7747049479
0 641 1.8316727183
0 5160 -1.3862358610
0 5232 -0.6074938358
0 5606 -1.1491469260
0 5628 -0.1569636671
0 7004 -1.2769316736
0 7100 0.7925936325
0 7102 -1.8172577861
0 7110 1.5894086594
0 7135 1.0855526115
0 7186 0.7047192081
0 7430 -0.6774503127
0 2187 -1.4317588934
0 6094 0.5835152360
0 6096 -0.8421513245
0 6109 0.6149136833
0 6112 1.0553598233
0 6124 -0.1097467767
0 6169 0.3968542719
0 6202 -0.9163183742
0 6203 -1.1576935289
0 6242 -0.4909001770
0 6318 -0.8020827038
0 6990 0.4488855783
0 6992 0.0544973374
0 6998 -0.3909173342
0 4927 0.8833936326
0 4935 1.4806250035
0 4862 -0.6143174260
0 5596 2.1298958732
0 5517 -2.2602732998
0 5582 1.0292868913
0 5590 0.0559518042
0 5536 0.1523101777
0 5670 2.4326630824
0 5678 3.5021243268
0 5645 0.6327252251
0 2290 1.0447046011
0 5805 -0.8939746934
0 4997 1.3629046431
0 5341 1.4385419746
0 6449 -0.3506132541
0 1366 0.1705370906
0 1363 -0.6764919471
0 1317 0.4611968283
0 1313 -0.2991194527
0 1312 0.9869710035
0 1360 0.1947026802
0 1362 0.6713689834
0 1256 -0.4336157422
0 9342 -0.4032286982
0 9450 0.3129427337
0 9437 -0.0725885275
0 9436 -0.2019499043
0 9434 -1.5278741206
0 9427 -0.1154523604
0 9421 -0.2841766225
0 9416 -0.8392261129
0 9413 0.3350426759
0 9412 -0.6750346499
0 9411 -0.5853438639
0 9410 -0.4727989924
0 9408 1.1482567854
0 9407 -0.0009006174
0 9405 1.1943390517
0 9404 -1.1404716913
0 9399 -3.2307157190
0 9392 -0.7572849399
0 9391 -0.8340437520
0 9390 -0.6338426065
0 9388 1.3993683587
0 9386 -2.6370997876
0 9385 -0.8082385203
0 9384 -0.7844830586
0 9383 -0.1046924581
0 9382 0.4271925866
