0 9381 -0.5070063089
0 9380 0.5389489251
0 9378 1.2369376203
0 9371 0.5043521797
0 9367 0.0516062830
0 9363 -2.3791815204
0 9356 -0.0042161424
0 9355 -0.6382697696
0 9354 0.1692306689
0 9353 0.8683341538
0 9352 -0.0884403539
0 9351 0.6553372900
0 9344 0.9501823081
0 9343 -0.3721917684
0 9339 -0.3661577156
0 9336 -0.7569262127
0 9332 -0.6751276761
0 9323 -0.3124725669
0 9321 -1.5788130462
0 9482 0.4192569712
0 9481 2.2443235098
0 9472 0.0289618942
0 9471 -0.7922776774
0 9470 0.2088636149
0 9469 1.1874854044
0 9455 -0.5269519335
0 9454 0.1191956153
0 9453 -1.5305264397
0 9451 -1.8065473323
0 9419 0.0064381693
0 9418 1.1562142455
0 9409 -0.9882414678
0 9402 -0.7563700859
0 9369 -0.6227927417
0 9349 0.2429322412
0 9476 -0.8208028757
0 9433 0.4381590649
0 9446 -1.1610831725
0 9443 -1.8935591369
0 9442 -1.3332680581
0 997 0.7015164124
0 996 -1.5625209548
0 1068 -0.9589154797
0 1026 -0.2720131268
0 1585 -1.6110398517
0 1435 -1.3464620796
0 1169 -0.4918155160
0 1075 1.1644959605
0 1132 0.9930800759
0 1064 -0.5318197903
0 1063 1.4324363822
0 1062 -1.0000555086
0 1247 0.5126033404
0 991 -0.5895144518
0 1391 0.1449136392
0 1374 -2.7517597129
0 1318 -1.7978179383
0 1254 -1.8314303866
0 1163 0.7862484488
0 1153 0.1917443868
0 1073 0.1614632749
0 1072 0.9290961055
0 394 -1.5235504363
0 7 -0.9033520682
0 203 1.9823993635
0 236 -0.8286630121
0 367 1.8416376703
0 123 0.2615163748
0 395 1.1071656521
0 196 0.2713536912
0 264 0.1870334323
0 185 0.5150374434
0 297 -0.9451955162
0 318 0.5941331478
0 323 -0.4892974126
0 79 -0.9584187099
0 198 0.5824223298
0 371 1.5394764948
0 280 0.3005224351
0 12 -0.9615583043
0 347 -1.9335041979
0 268 -0.9650306007
0 288 1.8690660731
0 377 1.1718799070
0 252 -1.3227334832
0 296 -0.9933576360
0 341 -1.1992789883
0 156 -0.2290185936
0 397 -0.5266904646
0 263 -0.7280642380
0 48 -0.3488096594
0 45 0.3254913637
0 210 -1.2105375532
0 83 0.1866836910
0 372 -1.7959111220
0 393 0.3381327452
0 205 1.0421060854
0 87 -1.7339237508
0 62 -0.6604312949
0 309 -1.5124768621
0 222 0.3262748112
0 160 -1.3848900904
0 229 2.7321488420
0 369 0.4382606189
0 227 -0.9647464412
0 230 1.5398404670
0 217 -0.4250061568
0 194 -0.6629373247
0 391 -0.3743718439
0 340 -0.3492116232
0 167 1.4393096957
0 266 -1.6602540715
0 208 1.4509996796
0 335 -0.6758363028
0 213 0.1665878140
0 388 1.2811713418
0 331 -0.4417257541
0 216 -1.6849113988
0 277 0.8022749408
0 85 -0.1689753559
0 310 -0.0009661482
0 389 -0.1847264647
0 387 0.1000116010
0 191 0.5995947560
0 224 -0.1041563476
0 82 -0.9506220175
0 225 -1.7342120656
0 295 0.9510330189
0 169 -0.3625893556
0 375 1.2340072768
0 292 0.6037249207
0 215 -0.3293756623
0 337 -1.0703366088
0 320 0.6402871318
0 171 0.6144425539
0 346 -3.0441552261
0 151 -0.2850117914
0 137 0.4711657930
0 291 -0.5660205021
0 385 1.2312856768
0 84 -0.9313240835
0 349 0.7058675373
0 219 -0.3145154551
0 322 -0.1747713718
0 204 0.8469751291
0 273 -0.0839210697
0 212 -0.8643900076
0 146 0.5956413720
0 348 0.4467251911
0 157 -0.8964636669
0 214 1.3408346620
0 316 -0.4540987021
0 186 1.1300564025
0 314 -0.3327623355
0 293 -0.2517130926
0 183 0.4268783470
0 287 0.1341691219
0 290 0.4922981725
0 168 1.3467723601
0 343 1.1625270356
0 153 1.6289572062
0 339 0.1334863018
0 60 1.6604984931
0 174 -0.2368499658
0 88 -0.3860715152
0 359 0.3752402953
0 298 0.6098745656
0 162 0.7098184139
0 311 1.8602483200
0 329 0.9028621385
0 175 2.7251282906
0 163 1.0153784756
0 77 0.9148702571
0 302 -0.0537017888
0 231 0.9906780971
0 148 -0.3834293875
0 106 -0.5522968659
0 283 1.4045433464
0 184 0.6266417699
0 122 -0.8808114394
0 170 0.1436385295
0 396 -0.3562011432
0 275 -0.3307203677
0 244 1.5027138227
0 116 0.2813166579
0 364 1.0105580150
0 121 -1.6175958125
0 165 0.5668315180
0 32 0.7605060610
0 201 0.6382489013
0 326 0.0735245175
0 368 -1.1805143969
0 332 -0.1069398989
0 361 1.6370124281
0 202 0.9634300118
0 200 -0.6926065133
0 257 -0.3071233080
0 80 0.6101496905
0 9 1.0845160332
0 187 0.8036075423
0 89 0.6237591061
0 207 -0.0272193893
0 69 -0.1023500467
0 188 -0.1116091088
0 306 1.4169558518
0 360 -0.3121326536
0 237 0.1285076546
0 327 2.2860086472
0 261 0.9018086237
0 86 0.0002432843
0 228 1.0364718674
0 190 0.6334333797
0 74 -1.2142234267
0 8 -0.7686540231
0 4 1.6037278421
0 159 2.3462841896
0 262 1.0137395758
0 51 -0.7600942837
0 5 -0.1001634140
0 363 0.4719347377
0 338 0.1993725202
0 355 0.8472830512
0 269 1.2683000499
0 278 -0.0570929718
0 179 1.2370326456
0 6 -0.6021484786
0 206 0.2855884058
0 461 -0.7589315799
0 466 0.1849080317
0 9490 -1.0198292201
0 9496 -0.4751281113
0 9504 0.1346325881
0 9499 -0.5813791621
0 9308 -0.2017340036
0 9305 0.4415784870
0 9302 -0.5179325923
0 9309 -0.8100969873
0 4980 1.0729472484
0 5444 1.6326685967
0 5394 -2.6157621340
0 5461 0.1056703243
0 5494 -0.1699580463
0 5398 0.6423639709
0 5466 0.6916931662
0 5450 1.7930061903
0 4675 -0.5372471364
0 4632 2.4863353289
0 5769 -0.3884817985
0 4757 -1.8806626764
0 4827 -0.7013842554
0 4820 -0.3408186955
0 5159 1.5088032527
0 5759 1.0678430999
0 5739 -0.8648589966
0 5738 -1.8621881656
0 5770 -0.8571186245
0 5826 -0.3069394564
0 5745 0.0605836697
0 5744 0.1741016459
0 5774 1.4449323626
0 5760 -0.2696567194
0 5746 -1.7021182099
0 5762 -0.4575580843
0 5711 -0.6770539443
0 5802 -0.2361124176
0 5740 -1.5261136464
0 5716 0.0015924975
0 5772 1.0326117500
0 5722 1.8512121057
0 5751 -0.1170812281
0 5721 -0.4885318976
0 5812 1.9536932772
0 5792 0.3838263083
0 5735 -0.7900560037
0 5767 -0.5785533638
0 5817 -1.1723794514
0 5807 -2.0793196774
0 5777 -2.3857939473
0 5736 -1.4872605478
0 5763 -0.1067272953
0 5813 0.1686285847
0 5741 0.2290577373
0 5731 -1.6912948282
0 5819 0.6303196400
0 5724 0.4550740650
0 5789 -0.6033935563
0 5141 0.7768270315
0 5175 0.5961074780
0 5145 -1.2936826524
0 5469 0.7973931795
0 5106 1.7205619495
0 5299 1.0241806918
0 5335 0.6282903259
0 7121 -0.5120159871
0 7106 -0.2224345676
0 7104 -1.2049408373
0 7113 -2.6118592063
0 7116 1.5073109057
0 7149 0.1123035137
0 7228 0.9366919209
0 7301 -0.6641682692
0 7109 -2.4629803573
0 6987 -0.5596960703
0 7028 1.4335177989
0 7029 -0.0171479595
0 7030 -0.0674527693
0 7013 -0.9629521199
0 7017 -1.1078938689
0 7032 1.3369117473
0 7073 0.2758421896
0 242 -0.8896427636
0 104 -0.4769729828
0 282 0.0079009051
0 96 -1.8277686090
0 23 -0.3450845010
0 6102 1.1606407824
0 6938 0.6085380886
0 8304 -0.0161693958
0 8238 -0.5681492414
0 8386 -0.5331840057
0 8348 -0.8322870369
0 1416 -0.1862643477
0 6237 0.0793363525
0 6226 -0.8041906545
0 6184 1.2465443754
0 6174 -0.4446205008
0 6172 1.3505139595
0 6171 0.2846647020
0 6170 -0.8440387019
0 6151 0.0430539990
0 6150 -0.0278151295
0 6149 -0.0421444700
0 6148 0.0232916910
0 6147 -0.2116114726
0 6146 -1.5186960196
0 6145 0.2061709732
0 6144 -0.0510445240
0 6142 0.1291443517
0 6141 0.3971399568
0 6137 -1.4200426153
0 6136 0.4319936451
0 6131 0.7185532763
0 6134 -1.6154881160
0 6133 -0.0126553336
0 6132 1.0574033898
0 6129 -1.3160051583
0 6128 -0.4968351482
0 6127 -1.3079507877
0 6126 -1.1260137193
0 6125 0.5790788758
0 6123 -0.1254188822
0 6122 -2.2001139526
0 6121 1.7764635998
0 6119 0.0655645096
0 6116 -0.1017845249
0 6115 0.1072462315
0 6114 -2.1700521260
0 6111 -1.7893669246
0 6110 -0.3314283470
0 6108 -0.2680865397
0 6107 0.5547474735
0 6106 -0.0583087635
0 6104 -1.5667740890
0 6103 0.0877061198
0 6101 0.1857344792
0 6100 -1.6253744811
0 6099 0.8821657165
0 6098 0.2748007409
0 6097 1.5991712721
0 6095 0.5597921877
0 6093 -0.2117907089
0 6092 -0.2346059415
0 6091 0.0096934556
0 6090 -0.4233715486
0 6177 -1.6696126576
0 6221 -2.1941642007
0 6244 -0.1324524140
0 6241 -0.2387172966
0 6240 0.6960379581
0 6238 -0.4665745131
0 6236 1.4957513872
0 6235 0.3010524200
0 6220 -0.1294061888
0 6218 0.4041012646
0 6217 -0.5021013617
0 6216 0.5442713794
0 6215 -1.0710539629
0 6214 -1.4519435677
0 6210 0.2382742763
0 6209 0.4536018890
0 6207 -0.4386283848
0 6201 0.2848924132
0 6200 -1.6222101854
0 6199 -1.2946863200
0 6198 -1.3587576832
0 6197 -0.8257036710
0 6195 1.2140198411
0 6194 0.4060005938
0 6193 -1.5255637469
0 6192 -0.5596733743
0 6191 -1.7122939787
0 6189 0.4266794070
0 6163 -0.0766657973
0 6154 -0.6609865997
0 8274 0.4972160621
0 7192 0.5504443072
0 7194 0.5272823715
0 7210 1.5476660761
0 7238 1.8595228213
0 7245 1.7018662323
0 7246 -0.3915797255
0 7256 -1.3211444830
0 7265 -0.4801709927
0 7268 1.1620461232
0 366 -1.6707613392
0 5245 -0.0782318365
0 5264 -1.2785138543
0 7195 1.7522232757
0 7262 -1.2955627308
0 7250 1.2812031535
0 1925 0.7053151546
0 5719 0.1048625671
0 5798 -1.0111488129
0 5816 0.6864108762
0 5821 0.0376527807
0 5710 -1.4427389359
0 5715 -1.0135273137
0 5720 0.5598630895
0 5733 0.3082368062
0 5820 -1.4774264161
0 5737 -0.2885053191
0 5755 0.4018815814
0 5781 -1.3694513308
0 5782 0.7274578721
0 5784 1.0598216995
0 5146 -0.3821455744
0 5133 -1.7983128526
0 5709 0.7895354311
0 5712 0.9596129834
0 5795 -0.3414083638
0 5750 1.1715531704
0 5708 0.0954121518
0 5749 -0.0259751610
0 5727 1.6090118206
0 5780 0.8895187350
0 5756 -2.7336737739
0 5723 -0.0982190950
0 5730 0.0672084187
0 5717 0.3146244798
0 5732 0.3197044078
0 5804 -0.6548253331
0 5752 0.7661664648
0 5799 0.3710587292
0 5713 -0.3289780055
0 5728 1.7578078523
0 5787 2.7288592316
0 5788 -1.2085096170
0 5793 -1.7378562304
0 5803 0.1144106650
0 5758 -0.2854874605
0 7317 -1.4472794357
0 7034 1.0842573353
0 615 0.8655582229
0 627 -1.0634010212
0 607 -0.9559981325
0 631 0.0474764875
0 623 -0.5803496289
0 719 -0.6616839188
0 640 0.1692482199
0 827 -0.3052551841
0 895 0.3243309301
0 946 0.0608096816
0 936 0.3930380812
0 7717 1.9333127731
0 7787 0.5537896694
0 7837 0.5752233491
0 7847 2.0210971770
0 7867 1.1815546605
0 8077 0.5886621216
0 8122 0.6898498640
0 1743 -1.1062539990
0 1799 -0.0426436583
0 2175 0.0589827514
0 2160 0.8298856675
0 2171 -1.1928605256
0 2148 1.4092202112
0 2180 -1.1441051815
0 2157 0.1824591089
0 1948 -0.2059717957
0 1941 0.7948751177
0 1949 0.3716180910
0 1965 -1.2888862403
0 1981 0.2635958563
0 1992 1.0614822138
0 2016 -0.1664917372
0 2011 2.5452648897
0 2019 0.8329466403
0 2020 1.8583334583
0 2151 0.0372981640
0 1862 1.5229681675
0 1872 -0.7593388287
0 1864 -1.1026432773
0 1871 -0.5845611093
0 1857 1.6144389221
0 1865 0.7710612257
0 1873 0.5078993557
0 1850 1.5262712552
0 1858 -0.0152780588
0 1874 -0.2994941155
0 1868 -0.4397772012
0 1829 1.0236338213
0 1853 0.0391458082
0 1926 0.8315560429
0 1966 -0.3672668032
0 1918 -1.3741306271
0 1959 1.0734792988
0 1936 -0.3374171532
0 1952 0.0970940101
0 1960 -0.0607949373
0 1968 1.2573846145
0 1938 1.0431164178
0 1963 1.0644309548
0 1720 -0.4813931519
0 1736 -0.8088719586
0 1744 -0.1025028638
0 1752 -1.0571491754
0 1729 -2.0012172999
0 1745 -0.3989046672
0 1753 -0.8743767145
0 1722 -1.4132375820
0 1730 -2.1500644011
0 1738 -0.9977991584
0 1724 -0.9560214154
0 1740 -0.4593411088
0 1733 0.5723794434
0 1718 -0.1220008037
0 1726 -0.9499130146
0 1750 -1.3337342306
0 1782 -1.4357547843
0 1719 -0.8501288177
0 7566 -0.1576316405
0 1751 -1.0195230136
0 2214 1.0521970336
0 2201 -0.8279001742
0 2204 -0.3054079107
0 2294 1.3076707910
0 2280 0.2975192416
0 2338 0.2657139217
0 2292 0.2435923440
0 2300 0.0186735041
0 2316 -1.1582794038
0 2283 0.8962420951
0 7584 -0.3843469077
0 7580 -1.3939647155
0 7578 0.5666393278
0 7570 -0.6455001795
0 8608 1.7934741131
0 8727 0.1267989370
0 8760 -0.1194726077
0 8768 1.4081857663
0 8616 -1.7359173098
0 8617 1.2357278144
0 8770 0.7166088359
0 8730 -0.5036089770
0 8619 -0.7309343939
0 8629 -0.2657315673
0 8612 -0.9176123669
0 8724 0.8475550163
0 8631 -0.4699063336
0 8725 -0.5161651460
0 8640 0.6775123881
0 8759 2.6908078947
0 8774 -1.4351875490
0 8824 2.4431929169
0 8557 -0.4666833481
0 8791 -0.1802257923
0 8777 1.1950667624
0 8811 0.0620788602
0 8787 0.7457991366
0 8805 0.0033268888
0 8534 1.1790472779
0 8687 0.9682725441
0 9045 0.7104136119
0 8673 0.7527989619
0 9041 0.9444790354
0 8701 0.6601329318
0 9053 -1.9181417597
0 8985 -0.1190288725
0 8957 0.6559278076
0 8966 -2.2359375729
0 8695 0.3725829124
0 8967 -0.5891578974
0 9004 0.1017824908
0 8690 -0.6392690697
0 9012 1.6340125278
0 8969 -1.0603681155
0 8961 -0.5238374546
0 8970 -1.1207970689
0 8954 0.1804674281
0 8962 0.7885535196
0 8965 -0.7467961332
0 8973 0.0148904090
0 8975 0.5654798857
0 9006 -0.8007522790
0 8976 1.2030003769
0 9007 0.7930296469
0 8977 -2.8576376680
0 8992 -1.4720907423
0 9008 -0.6625707602
0 9001 -1.1736766434
0 8719 0.0749036286
0 8996 0.4827077278
0 9011 -1.5356045856
0 1742 0.1725831097
0 1749 0.2723941643
0 999 0.0392532569
0 1061 1.2336786603
0 1404 0.0330824465
0 1552 0.6134710659
0 1257 -1.5776771175
0 1158 0.7661545843
0 1070 -0.5327577150
0 9452 2.5121324533
0 417 0.6567789881
0 421 0.7564185925
0 407 -0.4370429685
0 424 -0.3434493984
0 402 1.4161257503
0 403 -1.0332180058
0 404 -0.8338429685
0 428 -0.3269948144
0 429 -0.2584035357
0 409 2.3201626173
0 413 -0.2031793878
0 5883 -0.7260436465
0 5848 -1.3929347521
0 6416 1.1381809864
0 5838 0.9178624643
0 6287 -0.7076795087
0 6417 2.0563835022
0 5841 0.0298662774
0 5894 0.1696714202
0 5904 -1.2197563125
0 5913 0.3270510403
0 5921 -0.4937071686
0 5939 0.0551221353
0 5969 -1.4727240596
0 5895 -0.9132523736
0 5905 0.4098631222
0 5914 0.3254521076
0 5923 1.2554454514
0 5932 0.4805025374
0 5942 -0.0041531532
0 5961 0.2974972178
0 5970 1.9139149067
0 5884 0.7356631871
0 5906 -0.6986574456
0 5924 -0.5026489302
0 5933 -0.5972579197
0 5943 0.7942685434
0 5953 0.2324728705
0 5963 -1.2837878355
0 5972 0.8438731005
0 5888 -0.2742597045
0 5934 1.0199963131
0 5898 0.5676000193
0 5908 0.4204893338
0 5919 0.3502720672
0 5926 2.3070400837
0 5935 0.4632157508
0 5945 0.6643264082
0 5955 -0.1715779682
0 5891 0.7345477750
0 5900 0.2452234915
0 5927 -1.5738708455
0 5946 -1.2525159737
0 5966 -0.1081951783
0 5975 -0.1486020834
0 5901 0.4548261458
0 5911 0.6543889400
0 5875 -0.3851523478
0 5948 -0.5540362672
0 5893 -1.8442289357
0 5902 -0.1560448151
0 5920 0.6604292414
0 5938 -0.2788332755
0 5959 0.6108492182
0 5968 -0.2041267150
0 5988 0.5198900307
0 5999 0.5545431004
0 6455 -0.5896717450
0 5979 -2.3704239004
0 6421 0.2567564503
0 5991 -0.5210689872
0 5992 -0.6412587441
0 6004 0.0456784882
0 6458 -0.1772499873
0 5982 0.2365991423
0 5993 0.2022473026
0 6425 -0.2441629126
0 6451 -0.8878582872
0 6309 0.6109596818
0 5984 0.8219342011
0 5994 -2.0641256771
0 6444 0.2519938024
0 5997 -0.8776743992
0 6007 -0.1330218464
0 6445 0.7903869105
0 6453 0.7309978526
0 5998 -0.1592416643
0 6427 0.5047775820
0 6435 -2.3685054258
0 6446 -0.3710756552
0 6403 0.6222447008
0 5922 0.7658056887
0 5915 -0.8246115082
0 5910 -0.3528074501
0 6401 1.2595835336
0 6003 0.9666706821
0 5899 2.0249991926
0 6396 1.5243072349
0 5873 -0.2012991869
0 6418 -0.5294421979
0 5874 -0.4616182338
0 5916 1.2457569314
0 5878 0.4470270986
0 5983 -0.5424894369
0 5990 -2.6908214183
0 5996 -0.6465737033
0 5940 0.2436825513
0 5846 -0.1050142263
0 5871 0.4456237081
0 6436 0.1645055682
0 5872 0.3660174885
0 5956 1.4065319499
0 6402 -1.4145535322
0 4758 1.2116949619
0 5285 -0.5650195675
0 9153 0.0710408914
0 9137 1.2173503979
0 9151 1.2090878843
0 9143 0.7061702625
0 9201 0.7641390483
0 6173 -0.4597399976
0 6284 -1.3114086328
0 6276 -2.1827326492
0 6258 -0.8865549433
0 6252 -1.4352132057
0 6255 -2.3933038514
0 6166 -1.0728715534
0 6085 0.0578147326
0 6025 -0.6611296013
0 6268 -2.1832513042
0 6180 0.6638558614
0 6143 -0.4540234363
0 6041 -0.2805059268
0 5829 -1.1178525243
0 8427 0.0805588161
0 8218 0.2923354291
0 6023 0.9946213032
0 5835 -1.1986009353
0 5831 -1.6870394419
0 5830 0.4469616511
0 6039 0.4460466598
0 6086 -1.4707634690
0 6413 -0.7799132325
0 6412 -0.0268356374
0 6411 1.4904922138
0 6087 1.6888714113
0 6077 -0.8194867757
0 6076 0.8518330477
0 6071 -0.2601502715
0 6069 0.4385559985
0 6038 0.7954215973
0 6036 0.5028566385
0 6035 0.1673054770
0 6034 -2.5501685288
0 6030 0.7417512925
0 6024 0.1806520211
0 6021 -1.9299984587
0 6019 0.9219543273
0 6017 1.2878243908
0 6013 -0.7363394465
0 6012 0.3460356921
0 6011 -1.4339427009
0 6010 -0.5166969012
0 5870 1.4049736515
0 5867 -0.9037793177
0 5865 0.6546988222
0 5860 -0.8247371502
0 5836 -1.1062770562
0 6231 -1.1483408292
0 6212 -1.5698102801
0 6140 0.7500889776
0 6138 0.3190718906
0 6120 0.8479269950
0 6118 -1.8252651374
0 6073 -0.6477396376
0 6022 -0.5370067621
0 6020 0.1788006678
0 8227 -0.5842966667
0 8225 -0.1250268054
0 8230 0.0891060260
0 5856 0.7219935557
0 8307 0.0933234380
0 1409 0.3241355685
0 6959 0.6919767211
0 7525 1.0832458104
0 6961 -0.3622519036
0 6967 1.1336563703
0 6973 1.2012260289
0 6974 -0.2023035017
0 6976 0.4170491895
0 7516 -0.6135956129
0 6979 0.4321917017
0 6980 -0.1594451299
0 6982 0.1038328663
0 6983 -0.6594086405
0 6985 -0.2464593547
0 6931 -0.0665100657
0 6043 -2.1245777095
0 6945 -0.2566686601
0 7519 -0.8615915423
0 7526 -0.1458562753
0 7523 2.2313705872
0 6956 0.8103333474
0 6960 0.1207422535
0 7524 -0.4940311404
0 6963 0.8766653137
0 6964 -0.0686057762
0 6965 0.6951986317
0 6966 1.1841558050
0 6969 -0.5572177286
0 6971 0.8214862577
0 6975 -0.2544741189
0 7517 -0.7090546012
0 6978 1.8186093858
0 6981 -0.5880278515
0 6984 0.1036012176
0 6899 -1.4801371681
0 6903 -0.2072052157
0 6904 -0.1193489433
0 6905 -0.8187097845
0 6906 -0.7819781808
0 6909 -1.3658295415
0 6911 0.6422312362
0 6916 -0.1925189800
0 8215 0.3334239118
0 6921 0.0358742469
0 6932 -0.6750653321
0 6046 -2.6768905751
0 6944 0.5278820177
0 7515 -0.5711749554
0 7514 0.7227404448
0 6962 -0.2212513952
0 6968 -2.7199374611
0 6972 -0.0032862823
0 6970 0.9151124101
0 6977 0.1537507633
0 8329 -1.3352314026
0 7379 0.2170322719
0 7080 1.0097546426
0 6744 0.3589886870
0 7098 1.5359901038
0 7158 -1.4339579806
0 7163 -0.4912457151
0 7165 1.1034739709
0 7340 -0.3669776707
0 7372 0.0305777122
0 7394 1.2889034269
0 7397 0.8546227568
0 281 -0.0546125325
0 8258 -1.4454410088
0 8259 -0.9845396270
0 8290 0.6930249441
0 7461 1.5703296313
0 7323 1.2294404690
0 8254 0.9139131148
0 8270 0.0623620330
0 8233 0.6880951223
0 8285 0.5672360272
0 6016 -0.5252809992
0 8423 -0.5771695474
0 8237 0.9499946761
0 6040 0.2780799031
0 6064 0.8863763035
0 6957 0.1295344824
0 8369 -0.3321641486
0 8247 -0.1180899423
0 8426 0.7486642002
0 8428 -0.8346362064
0 9058 -0.8404378011
0 8249 -1.4930344016
0 9057 -0.0036829526
0 7139 1.9631132272
0 7307 1.7240712853
0 7331 -0.7798572875
0 7337 -0.5824858307
0 7378 0.2600107468
0 7405 -0.8575353578
0 66 1.4512710260
0 149 1.7681893085
0 328 -1.6454452900
0 334 -0.9442657090
0 2274 1.0869104913
0 5753 1.3241765101
0 6709 -0.5619114731
0 7000 -1.2514563639
0 6989 0.2846461085
0 7031 1.8273372674
0 7062 0.9431705187
0 7460 0.9522479924
0 7123 -0.2295900701
0 7128 -1.4353635334
0 7145 0.0802869855
0 7147 -0.4660930540
0 7166 0.4033077577
0 7255 -1.6870332566
0 7275 -0.6311467357
0 7258 0.4492761062
0 7291 0.4201040605
0 7310 0.2416808367
0 7330 0.3731498455
0 7333 -0.3963534896
0 7411 -0.5899145065
0 178 0.2740985810
0 378 1.3775433632
0 8241 -1.4581456275
0 6988 -0.5360776878
0 8256 0.1875688215
0 8796 1.2551219795
0 8264 1.4961496700
0 8265 1.9282158636
0 8231 0.8185804347
0 8271 -0.9384088805
0 6190 0.1111949656
0 8275 -0.3395261381
0 8420 -1.8276253680
0 8283 1.4570438463
0 8284 0.9398109803
0 6008 0.8407578190
0 8422 0.3382315195
0 8296 0.9107277662
0 8297 1.3568045245
0 8300 -0.1311857537
0 8235 -0.2079849603
0 8306 0.1258754494
0 8310 -0.0436237983
0 8236 -0.5713807352
0 8311 0.9426447978
0 8314 0.2460263253
0 8239 0.2561519179
0 8240 0.1184185931
0 8323 0.8268998179
0 8242 0.8342280880
0 8325 0.1950459225
0 8326 -0.1142506510
0 8222 0.3395851437
0 8430 0.0455258373
0 6042 1.0136664604
0 8335 -0.6863029066
0 8343 0.9405874730
0 6074 0.4672193397
0 8351 -2.3934481430
0 8353 -0.9814473076
0 8354 -0.5193269304
0 7296 -1.8898729810
0 8365 0.2235179157
0 8374 -0.8382062907
0 8376 -0.4998204237
0 8378 -2.2370533491
0 8412 1.5706301218
0 8387 1.4209701328
0 8389 1.2510379010
0 6243 -0.6974329826
0 7507 0.4760560812
0 7343 -1.2250873489
0 6005 0.6391776507
0 5729 0.3666168655
0 5380 -0.5236515723
0 5381 -0.9111913558
0 5565 0.4586169477
0 7011 -0.3701561595
0 7199 0.0957347144
0 7224 0.8424627172
0 7277 2.3584411486
0 7490 -0.5900077491
0 7492 1.4569519048
0 7300 0.6201628043
0 7306 -0.3843667414
0 7408 0.6141822109
0 7418 1.5426535038
0 5887 0.6185801551
0 5987 -0.9433607886
0 173 -0.2182647548
0 357 -1.1621609125
0 258 0.2759750355
0 374 0.7095779912
0 94 0.3806582961
0 1859 -0.0498161400
0 6188 -0.2375817867
0 5207 2.3324288600
0 6448 -0.8877244137
0 8312 2.2293629088
0 8313 -0.7210462885
0 8334 0.7307623399
0 8337 2.3737880458
0 8357 -0.4206670420
0 8366 -0.0038416541
0 8411 -0.8100236480
0 8388 0.6573130069
0 8395 1.2849502727
0 7014 0.6229413708
0 7035 0.6206880312
0 6810 0.0999207091
0 7498 0.6818730322
0 7506 -0.7917015507
0 7390 -1.0221738737
0 7284 1.2157661472
0 7081 0.0775285656
0 8243 -0.5559545583
0 8245 1.4207813066
0 7033 -0.4992245521
0 2150 0.5276768265
0 100000 -0.6835799513
0 8266 0.5054168608
0 6897 -0.5404899949
0 6898 0.6276684731
0 5837 -1.9530121038
0 6907 -0.9562855329
0 7438 -0.9774653181
0 6910 1.7617027375
0 6913 0.4670895938
0 6914 -0.2656577523
0 6918 0.4848989572
0 6919 0.1855474954
0 8214 0.0467468811
0 6924 -0.4669959284
0 8424 1.4604451876
0 6926 -0.5408999650
0 6928 -0.0170395178
0 6933 0.2017044880
0 7520 0.9609561880
0 7521 -2.1621602272
0 6936 0.2218318825
0 7522 0.7488631387
0 6937 1.4843963509
0 6939 0.4686386130
0 6900 -1.1201237423
0 6901 0.4171876154
0 6908 0.5257666756
0 6009 0.8786774653
0 6915 2.0277296781
0 6917 -0.9627733527
0 6920 0.9785975582
0 6922 0.1120028441
0 6923 -0.6365191024
0 6927 -1.4331166297
0 6929 0.0813192764
0 6930 -0.3610702580
0 6940 0.1238994804
0 6942 1.1406001407
0 6943 0.5267183864
0 7518 -0.9326557514
0 6946 -0.5013847067
0 8213 0.3850378894
0 6951 0.9324005187
0 6958 -1.3661450616
0 7305 -0.7116171764
0 7376 0.8821280160
0 7386 0.3060635175
0 7404 0.0475455601
0 7403 0.0345266658
0 7457 0.0570126300
0 7463 0.5964138904
0 7015 0.9836509352
0 7024 -0.6820308107
0 7079 1.0896035601
0 7152 0.3585119973
0 7297 0.4454775971
0 7381 0.2036654729
0 7413 -0.9343298495
0 7176 -0.3097151578
0 7352 0.0975656515
0 2327 0.2698575518
0 7117 2.5732101925
0 7172 0.5442903143
0 7168 1.1846534864
0 7423 0.0818229635
0 7425 -1.1677955262
0 7223 0.3963501811
0 7239 0.9896563676
0 7276 -1.4500893114
0 7281 -0.8238136848
0 7287 -0.6827500971
0 7292 -1.4741432541
0 7299 0.8519471091
0 7303 1.3573442005
0 7309 0.9450943844
0 7328 -0.0744712700
0 7406 0.1725793289
0 2320 0.9700095276
0 7242 -0.0058643096
0 7462 -0.3868445706
0 5385 -1.2790730216
0 5292 -0.1043661763
0 5337 -1.1899990826
0 5350 0.1057221749
0 5377 0.0323154938
0 5386 -0.3832783501
0 5310 -0.4280884804
0 5282 1.2837938160
0 5339 -0.3959187223
0 5322 0.1488511522
0 5331 1.5712040215
0 5364 -0.0718828569
0 5373 -0.3313365495
0 4879 0.5976899987
0 7069 0.1648686122
0 7496 0.2794548890
0 7502 0.5291040919
0 7344 0.1616698951
0 7346 0.5570148061
0 7353 -1.3584182191
0 7373 0.4962762215
0 7384 -0.0739704706
0 81 -0.0504093356
0 373 0.0431568637
0 383 1.6932497181
0 1867 0.2059748358
0 957 1.0726385286
0 998 -0.8077904779
0 1006 -1.8855365770
0 992 -0.3274150138
0 1002 -0.0638170105
0 1166 -0.8531358819
0 9077 -0.1036781412
0 9104 -1.0261144686
0 9152 2.1630854171
0 9165 -1.0688177430
0 9179 0.9907854617
0 6996 -0.0567659829
0 7008 -1.5812403085
0 6729 0.3892307288
0 7092 -0.1705266735
0 7164 2.5162365751
0 7169 -0.7143602223
0 7181 0.9871760209
0 7252 0.1047882886
0 7446 0.2386540620
0 7270 -1.1097809831
0 7483 0.8518933764
0 7316 0.2091025773
0 7351 0.0149950086
0 7391 1.5632159701
0 1 -0.9617415960
0 392 -1.2206624491
0 379 0.0351623520
0 380 0.0790180324
0 267 -0.4756512381
0 2057 0.3053570267
0 5742 -0.0899417620
0 5056 -2.4034258157
0 5122 0.1331970817
0 5158 0.7617112522
0 5832 -0.9890284340
0 6994 0.2144643959
0 7002 1.1429812349
0 7026 -0.0550686068
0 6730 -1.1368813231
0 7075 -0.2421108750
0 7126 -2.2033932402
0 7227 1.2709613350
0 7229 -1.9560159287
0 7449 2.8759943460
0 6847 -0.5529395600
0 6953 1.1943002874
0 7320 0.6229173398
0 7354 0.5579790471
0 7283 -0.0100369545
0 2 0.2428761061
0 386 0.2777136657
0 1716 -1.3308607288
0 1967 0.2256889664
0 5785 -0.7793068849
0 4802 -0.3044095564
0 5116 -1.9514146589
0 5202 -0.1503430623
0 7071 0.4555127273
0 7064 0.1470658803
0 7078 -0.4202872877
0 7094 1.5472239986
0 7141 -0.6832541433
0 7143 1.1892664523
0 7151 0.2446017178
0 7150 1.0693070423
0 7424 -0.1083478548
0 7178 -0.0835760119
0 7188 0.0899727153
0 7201 0.3911072759
0 7206 0.4614851938
0 7205 1.4481991888
0 7231 0.2497499934
0 7244 0.0621709873
0 7260 0.7233924626
0 7263 0.4858465514
0 7280 -0.0789697329
0 7282 0.1398872339
0 7472 2.2753519057
0 7382 -1.4550336249
0 7392 0.0151888077
0 7477 -0.2014123104
0 8610 -0.6252569813
0 8692 0.1329212616
0 6727 -1.5454561594
0 7105 2.2913110917
0 7479 0.8704986378
0 7482 0.6121223127
0 7504 -0.5486969081
0 7508 0.9718691052
0 7355 -0.7564151470
0 5896 0.7685968770
0 166 1.3163136551
0 223 -2.1567636411
0 126 -0.9750800860
0 390 0.8818494270
0 321 0.6307311090
0 259 -1.2417122327
0 362 -0.0760807605
0 260 0.4561476600
0 91 0.9795519765
0 641 -0.3093809783
0 5160 -0.4769006445
0 5232 0.7440996659
0 5606 -1.2359551097
0 5628 0.6333834312
0 7004 -0.8433379023
0 7100 -1.9250773011
0 7102 -0.4923603887
0 7110 -1.4890914955
0 7135 0.3836794733
0 7186 0.1850258316
0 7430 0.2192543335
0 2187 2.2996740353
0 6094 0.1267990316
0 6096 -0.2750738163
0 6109 -0.0857957337
0 6112 -0.1334587411
0 6124 0.0042576119
0 6169 0.5920565589
0 6202 0.2070618450
0 6203 -0.2786610913
0 6242 0.7629908423
0 6318 1.1922400742
0 6990 -0.5565641447
0 6992 0.6385038114
0 6998 -0.0841221632
0 4927 0.1970593209
0 4935 -0.3251855147
0 4862 0.5268657292
0 5596 -1.1473424449
0 5517 0.7598432682
0 5582 -0.9221649824
0 5590 -0.2789453426
0 5536 2.0165049451
0 5670 -1.2743228283
0 5678 -0.3998303436
0 5645 1.4620617477
0 2290 -0.1427000379
0 5805 -1.7089258627
0 4997 -0.9011836497
0 5341 0.1910320342
0 6449 0.6633045432
0 1366 -0.5222484631
0 1363 -1.4958899106
0 1317 -0.7766059408
0 1313 -0.9233995845
0 1312 -0.2440613586
0 1360 -1.1151402611
0 1362 -1.2020326447
0 1256 -0.6148675853
0 9342 -1.1521806488
0 9450 0.5533161200
0 9437 -0.9802643551
0 9436 -0.8727254937
0 9434 0.3110575757
0 9427 1.1571824988
0 9421 0.7347810786
0 9416 0.2540559132
0 9413 -1.5103546664
0 9412 0.3355151232
0 9411 0.1956983124
0 9410 1.3543437867
0 9408 -1.1423536979
0 9407 0.2531240518
0 9405 -1.9674301454
0 9404 -0.4115724944
0 9399 0.0378330250
0 9392 1.4285216303
0 9391 0.0555351914
0 9390 0.1481982091
0 9388 -1.1513243559
0 9386 -1.5342407730
0 9385 0.9395795800
0 9384 -0.1827080872
0 9383 -1.1688076981
0 9382 -0.7149171336
