0 9381 0.4336236310
0 9380 1.1472691544
0 9378 -0.5754866486
0 9371 -0.6680334282
0 9367 -1.6109711829
0 9363 -0.7089225840
0 9356 0.8621017382
0 9355 -0.1523383984
0 9354 0.3923124134
0 9353 -0.2177309188
0 9352 -1.3826115675
0 9351 -2.0094082478
0 9344 1.2267389171
0 9343 -0.5882436786
0 9339 -1.4493486266
0 9336 -0.5239988173
0 9332 -0.6602754377
0 9323 0.0173213611
0 9321 -0.8362179491
0 9482 -0.8390627608
0 9481 -0.3912208909
0 9472 -0.9324631277
0 9471 -0.3448644410
0 9470 -0.8509404237
0 9469 -0.9862195755
0 9455 -0.3899191812
0 9454 -0.7893286304
0 9453 -0.5270914984
0 9451 -0.8769735776
0 9419 -0.3167373811
0 9418 -1.5090080112
0 9409 -1.0275796845
0 9402 -0.0518892379
0 9369 -1.3985442032
0 9349 -0.6437376384
0 9476 0.4318599874
0 9433 -1.1414008485
0 9446 -0.5702615858
0 9443 -0.2848942929
0 9442 1.0006477897
0 997 -0.0291720776
0 996 0.1835756695
0 1068 0.0151046773
0 1026 -1.3744864521
0 1585 -0.3455751994
0 1435 0.6993266983
0 1169 -0.7534181681
0 1075 -1.1355361417
0 1132 0.1811032916
0 1064 -0.7111244210
0 1063 -1.6662428106
0 1062 0.2444859447
0 1247 -2.0092455174
0 991 0.1755565982
0 1391 0.0545266091
0 1374 0.0716352467
0 1318 -2.6913699314
0 1254 -0.8183696981
0 1163 1.3225319565
0 1153 1.1264889691
0 1073 -0.5507436877
0 1072 -0.7921752936
0 394 1.4005271988
0 7 1.6327993663
0 203 -0.9014046089
0 236 0.4571027720
0 367 -0.9843783260
0 123 -0.0220756713
0 395 0.5926985380
0 196 -0.7368910732
0 264 -0.2382926978
0 185 0.4400839210
0 297 0.8591848839
0 318 -1.9150726116
0 323 -0.1443896537
0 79 1.6604666409
0 198 -0.8170647454
0 371 1.1391270866
0 280 -1.1783523742
0 12 -0.2678847041
0 347 0.1685295715
0 268 0.5253265917
0 288 0.4385291307
0 377 0.5256518292
0 252 -0.8532646903
0 296 1.3161570472
0 341 0.3835915512
0 156 1.0234065721
0 397 -0.6222354893
0 263 0.4106547803
0 48 0.6529117283
0 45 0.3955065355
0 210 -1.9525536604
0 83 0.6060303681
0 372 -0.9949610731
0 393 -1.2119812741
0 205 -0.1556388077
0 87 0.5641704541
0 62 -0.4458652327
0 309 1.2307845130
0 222 0.5044146569
0 160 0.1791818761
0 229 -0.6336959164
0 369 -0.3255228886
0 227 -0.1552169193
0 230 0.8446181215
0 217 -1.7676329360
0 194 0.8624216296
0 391 0.7956653533
0 340 1.4902999445
0 167 -1.1232724047
0 266 -0.3820860804
0 208 0.9151126217
0 335 0.2392152574
0 213 0.3978116590
0 388 -1.2492200206
0 331 1.4644385631
0 216 -0.3465867371
0 277 1.3708649180
0 85 -2.1295863601
0 310 2.1148164415
0 389 -1.0187643650
0 387 -1.0772401362
0 191 0.7237151601
0 224 -0.8038152004
0 82 -0.1886513031
0 225 -0.1921231806
0 295 0.3024077463
0 169 -1.2006763781
0 375 0.6968426342
0 292 -0.0359830258
0 215 0.0874837151
0 337 -0.8406411139
0 320 -0.4486105734
0 171 -1.0919417361
0 346 0.9051954103
0 151 1.4931309522
0 137 -0.0797387590
0 291 0.1991283377
0 385 0.2547083121
0 84 -0.1940832867
0 349 -0.1828416838
0 219 0.0029685232
0 322 -1.0197250532
0 204 -1.2110184948
0 273 0.8594340809
0 212 -0.3118918376
0 146 -1.6519535724
0 348 0.3290188396
0 157 -1.3678480273
0 214 2.1487022721
0 316 -1.1600278642
0 186 1.1353300655
0 314 -0.0439943188
0 293 -0.0406698821
0 183 0.6259676813
0 287 0.4984668290
0 290 0.4808105606
0 168 0.1013842497
0 343 -1.5756436029
0 153 0.3109795891
0 339 0.4711461266
0 60 0.4091794328
0 174 -0.4231547053
0 88 -1.8720618378
0 359 -0.1364020007
0 298 -0.2072137007
0 162 -2.1326614523
0 311 0.3535616299
0 329 2.0827932528
0 175 -0.7480860348
0 163 -0.3631431331
0 77 0.3181271860
0 302 0.7825948022
0 231 0.5626177084
0 148 1.2318086777
0 106 1.2917411596
0 283 -0.9421773615
0 184 -0.5428281185
0 122 0.0467734312
0 170 -0.4162792580
0 396 -2.0126974523
0 275 0.5596492376
0 244 1.1998613348
0 116 -0.3613614805
0 364 -0.0023951174
0 121 -1.0255029162
0 165 0.7224856542
0 32 0.0209550459
0 201 -0.8361339392
0 326 1.3542828600
0 368 -0.6405920827
0 332 -0.0233242813
0 361 0.2485171073
0 202 0.1797892368
0 200 0.8361439947
0 257 -0.3534743359
0 80 -1.1214064034
0 9 0.6135267004
0 187 0.7223098341
0 89 0.3127725058
0 207 -0.4805363861
0 69 0.4628867321
0 188 -0.5193760781
0 306 0.6782141746
0 360 -0.9444418006
0 237 1.3043843291
0 327 0.3267432434
0 261 1.5253288256
0 86 0.3741676969
0 228 -0.6360900468
0 190 0.8565355615
0 74 -0.4360164715
0 8 0.5411275113
0 4 0.8861540177
0 159 -0.6471159343
0 262 0.6883915932
0 51 0.2118737594
0 5 0.4011889496
0 363 2.6049064026
0 338 -1.0329178479
0 355 1.1343578812
0 269 0.6375433035
0 278 0.9186233204
0 179 -0.8091021287
0 6 0.3099636498
0 206 -0.1857008529
0 461 1.9210081192
0 466 -1.1082288413
0 9490 0.7031352350
0 9496 0.0016432326
0 9504 -0.8678522108
0 9499 0.1011607794
0 9308 -0.0730362283
0 9305 -0.2914505265
0 9302 -0.2894119589
0 9309 0.9809435812
0 4980 -1.0609663929
0 5444 -2.3439070038
0 5394 -0.1195023257
0 5461 1.5013809018
0 5494 0.9686639844
0 5398 2.4170999454
0 5466 -0.3874640420
0 5450 -0.2410496648
0 4675 0.0121083379
0 4632 -0.9493154580
0 5769 0.6027189086
0 4757 -0.6604881779
0 4827 -0.8502034459
0 4820 -0.2242528736
0 5159 -1.0869656287
0 5759 -1.0859374510
0 5739 -0.6108968551
0 5738 -0.7875645383
0 5770 1.2272243709
0 5826 -1.9929802726
0 5745 -1.0133881818
0 5744 -0.6467911968
0 5774 -0.0767059561
0 5760 0.2839765190
0 5746 0.6566355189
0 5762 -0.2420204940
0 5711 -0.5437991162
0 5802 0.0256270152
0 5740 1.2538922794
0 5716 -0.0281670003
0 5772 1.1865214064
0 5722 -0.1247968662
0 5751 2.2023791649
0 5721 0.4908285187
0 5812 0.3265760168
0 5792 0.1415767136
0 5735 -0.0920609880
0 5767 0.1251639116
0 5817 -1.9722636495
0 5807 -0.7614356238
0 5777 -0.8114256066
0 5736 0.8631147433
0 5763 -0.3312787047
0 5813 -1.2737586523
0 5741 -0.7768981315
0 5731 -0.4050716520
0 5819 -0.8433143813
0 5724 0.7524117579
0 5789 0.4361413156
0 5141 -0.8816945826
0 5175 -0.7019809432
0 5145 0.3567480406
0 5469 1.7370984096
0 5106 -0.7717483903
0 5299 -0.9684915005
0 5335 0.2643947402
0 7121 -1.0408899400
0 7106 -0.9275148824
0 7104 -1.3160341701
0 7113 -0.8277642489
0 7116 -0.3583403578
0 7149 -1.1395725655
0 7228 -0.3617099196
0 7301 -1.4304456612
0 7109 0.0070248332
0 6987 1.6812613827
0 7028 -1.6869933691
0 7029 -1.0595432511
0 7030 1.5977925025
0 7013 -1.0569387657
0 7017 0.8830718576
0 7032 0.7598648753
0 7073 -0.7564640586
0 242 1.4309302888
0 104 -1.8553322074
0 282 -1.4537628618
0 96 0.5651698948
0 23 0.1398677173
0 6102 0.0336106023
0 6938 1.0071506112
0 8304 0.2561591208
0 8238 1.1332722928
0 8386 1.6370909239
0 8348 -2.0718258435
0 1416 -0.7546723672
0 6237 -1.1704637659
0 6226 -0.0159709124
0 6184 -1.6752219777
0 6174 0.2100612469
0 6172 -0.1501216684
0 6171 -0.2960227330
0 6170 -0.3224305709
0 6151 -2.4378547276
0 6150 -0.4927148727
0 6149 -0.2953046012
0 6148 -0.9353259411
0 6147 -0.4412267600
0 6146 -1.5247585441
0 6145 -1.4098343619
0 6144 -0.8401742282
0 6142 -0.6314760984
0 6141 -0.6065465246
0 6137 -1.2432738229
0 6136 -0.3687021180
0 6131 0.2492872891
0 6134 -0.6092812306
0 6133 -0.2353428299
0 6132 -1.3604089666
0 6129 0.0926058553
0 6128 -0.5150486792
0 6127 0.3791447389
0 6126 0.3531764982
0 6125 -0.4676377349
0 6123 0.3245998145
0 6122 0.2428023591
0 6121 0.4166052029
0 6119 -0.9097196343
0 6116 -0.3223857046
0 6115 0.6385871834
0 6114 0.3862082213
0 6111 -1.2441798979
0 6110 -1.3177782405
0 6108 0.7670915976
0 6107 0.2066383513
0 6106 1.0045007264
0 6104 -1.8529397405
0 6103 -0.3908405495
0 6101 -0.0827209404
0 6100 0.7137778874
0 6099 -1.6080362628
0 6098 0.1586165738
0 6097 -1.8237771158
0 6095 -0.1654033831
0 6093 -1.7825008806
0 6092 -0.6609664044
0 6091 0.2152159860
0 6090 -0.3750680935
0 6177 -1.3007243997
0 6221 -1.1189716432
0 6244 -2.3273666881
0 6241 -0.4057651932
0 6240 -0.3246708002
0 6238 -0.0363848020
0 6236 -0.6668004441
0 6235 -0.3902388603
0 6220 -1.5152848317
0 6218 -0.5547721889
0 6217 -0.2855484160
0 6216 -0.5572559346
0 6215 -1.0305034533
0 6214 0.6101253033
0 6210 -0.3346537678
0 6209 0.4878488074
0 6207 -0.5070003288
0 6201 -0.7546250812
0 6200 -2.1395607439
0 6199 -0.3394174079
0 6198 0.6669659773
0 6197 1.2945010898
0 6195 -1.7189618522
0 6194 -0.4966656392
0 6193 -1.9744186040
0 6192 0.3144845020
0 6191 -0.8271313613
0 6189 -0.4572901286
0 6163 0.1805818103
0 6154 -0.3239968364
0 8274 0.1460182830
0 7192 -0.2053009719
0 7194 -0.4314403001
0 7210 0.1686646653
0 7238 -0.0947443084
0 7245 -1.4089894044
0 7246 0.7777019826
0 7256 -2.0317493407
0 7265 -0.1870715706
0 7268 0.8440541111
0 366 -0.9591392645
0 5245 -1.3489777557
0 5264 1.0121559783
0 7195 -1.8255400331
0 7262 0.6616438613
0 7250 -0.2406841420
0 1925 -0.2495053943
0 5719 -3.2867524201
0 5798 0.2578969331
0 5816 -0.8218566063
0 5821 -3.2437147528
0 5710 -1.5576552412
0 5715 0.1688201695
0 5720 -1.9203167805
0 5733 -0.1703043129
0 5820 -0.0010439262
0 5737 -0.8037673090
0 5755 0.1390470895
0 5781 -1.3826559635
0 5782 0.9652649383
0 5784 0.8140568315
0 5146 0.5124948265
0 5133 0.8597461665
0 5709 1.1844494352
0 5712 1.5163125332
0 5795 0.4608457293
0 5750 0.6878043370
0 5708 0.8182881542
0 5749 0.1189276545
0 5727 -0.4691449917
0 5780 0.1652918624
0 5756 0.5588988428
0 5723 0.8858625246
0 5730 -1.3087205639
0 5717 0.5106002683
0 5732 0.7836446109
0 5804 0.9373694163
0 5752 -1.3448098541
0 5799 0.2798678492
0 5713 0.6041028918
0 5728 1.3126025845
0 5787 -0.3276732217
0 5788 -0.9955483840
0 5793 -1.4191919420
0 5803 0.4925971923
0 5758 -0.1035921851
0 7317 1.1143927867
0 7034 -0.7567009554
0 615 -0.4629760710
0 627 -0.0628712815
0 607 -0.0633505685
0 631 0.6882189282
0 623 -0.5692211281
0 719 -0.4574822475
0 640 -0.0846913729
0 827 -0.4847786706
0 895 1.3234266962
0 946 0.3829444830
0 936 -0.2723048088
0 7717 -0.0023942332
0 7787 -0.6304569514
0 7837 -0.5698113950
0 7847 1.4938742314
0 7867 0.6758031591
0 8077 -1.9489062897
0 8122 1.3580895355
0 1743 -0.1322805875
0 1799 -1.0406576818
0 2175 -0.8396547228
0 2160 0.6623354514
0 2171 -1.6037801735
0 2148 -0.1729520011
0 2180 -0.8681850025
0 2157 -0.8523874848
0 1948 0.8997219329
0 1941 0.7234074432
0 1949 0.2019871999
0 1965 -0.8729956070
0 1981 -0.8120516710
0 1992 2.2153261413
0 2016 1.3345102797
0 2011 1.3710353615
0 2019 1.1413489141
0 2020 0.4815331662
0 2151 0.0960211090
0 1862 0.4115748517
0 1872 0.8400518456
0 1864 0.5069700365
0 1871 0.5471543070
0 1857 1.7792545550
0 1865 1.7861616294
0 1873 0.5628216798
0 1850 1.9244800097
0 1858 1.2464594118
0 1874 0.4280029960
0 1868 0.4933000994
0 1829 0.0018684906
0 1853 0.4273234231
0 1926 1.1507722999
0 1966 0.6965011914
0 1918 0.0958839966
0 1959 -0.4019032034
0 1936 0.6114114584
0 1952 0.2835619898
0 1960 1.0995130910
0 1968 -0.4655896402
0 1938 0.5693774357
0 1963 1.6122979957
0 1720 0.9494189999
0 1736 -0.1606354350
0 1744 0.8368110084
0 1752 -1.3960877043
0 1729 0.6527881422
0 1745 -1.1517989753
0 1753 -0.5873692273
0 1722 1.1964937820
0 1730 -0.6749841346
0 1738 0.1054066276
0 1724 -0.3771964807
0 1740 0.7078815854
0 1733 0.6921209761
0 1718 0.3183934045
0 1726 0.4019428849
0 1750 -0.0093038798
0 1782 0.9274658457
0 1719 -0.4365316642
0 7566 1.6165990433
0 1751 0.3303707780
0 2214 0.2980766385
0 2201 0.3154398179
0 2204 1.0267543626
0 2294 -0.1310760934
0 2280 0.3714086858
0 2338 0.0737907463
0 2292 0.5274170784
0 2300 0.5329996892
0 2316 0.2854479950
0 2283 1.5237315982
0 7584 0.1647956285
0 7580 -0.4489524822
0 7578 2.1559117748
0 7570 0.2333274812
0 8608 1.5056240966
0 8727 0.3729771218
0 8760 0.6767286395
0 8768 1.1504028059
0 8616 0.3223647553
0 8617 0.8945135246
0 8770 0.6526312664
0 8730 0.5173049064
0 8619 0.5138933851
0 8629 0.5602318963
0 8612 -0.7149876408
0 8724 0.1056470092
0 8631 2.6101297257
0 8725 0.6741762639
0 8640 1.7837508900
0 8759 0.0618878828
0 8774 0.8541834539
0 8824 1.8264657362
0 8557 -0.0565730530
0 8791 1.2501808497
0 8777 0.8282130136
0 8811 -1.2265180877
0 8787 1.8594465837
0 8805 1.7524018770
0 8534 1.7785395263
0 8687 0.2682609040
0 9045 0.5704198463
0 8673 0.7916823074
0 9041 1.1711770844
0 8701 1.0495338899
0 9053 -0.4156913003
0 8985 -1.1841884159
0 8957 0.3695651855
0 8966 -0.1053793864
0 8695 0.5217003353
0 8967 -0.9822678390
0 9004 0.7568228534
0 8690 1.8590938838
0 9012 0.9996006087
0 8969 0.1480867385
0 8961 -0.0552720548
0 8970 -0.4175280554
0 8954 0.1610786134
0 8962 -0.9491013251
0 8965 -0.4596351352
0 8973 1.0946146957
0 8975 0.5882742057
0 9006 1.1303878669
0 8976 -0.8973796504
0 9007 0.2170542134
0 8977 0.1576344762
0 8992 -0.6320086014
0 9008 -0.0819919573
0 9001 -1.4333405121
0 8719 1.4440081033
0 8996 -0.7128720013
0 9011 -0.2648314240
0 1742 0.0866705483
0 1749 1.6457551366
0 999 -0.5747580953
0 1061 -0.4930165397
0 1404 -0.4825159822
0 1552 0.4736547423
0 1257 -1.8031408820
0 1158 0.6406969266
0 1070 -0.0166544074
0 9452 -1.5134011973
0 417 0.1504462271
0 421 0.2678348805
0 407 -2.0817666799
0 424 1.1491856138
0 402 0.8394780311
0 403 -0.1609170535
0 404 -0.6358852452
0 428 0.1771024054
0 429 1.0495002645
0 409 0.7710483451
0 413 0.8727262229
0 5883 0.0506831677
0 5848 0.1163047628
0 6416 -0.7288252561
0 5838 0.1577833747
0 6287 -0.5398273894
0 6417 -0.0419889908
0 5841 -0.2817626243
0 5894 1.4797780350
0 5904 0.2635760869
0 5913 1.2757959219
0 5921 0.5122223318
0 5939 1.1208203261
0 5969 -0.2263593615
0 5895 1.7177894132
0 5905 0.7098136374
0 5914 -0.2241290612
0 5923 2.0076225312
0 5932 -0.4029053957
0 5942 0.8003853428
0 5961 2.3831105055
0 5970 0.5359160382
0 5884 2.3097617714
0 5906 0.6985592347
0 5924 1.7084537713
0 5933 2.0646424185
0 5943 0.2103792153
0 5953 1.8707581758
0 5963 -0.3702393410
0 5972 3.4869997837
0 5888 -0.3051535235
0 5934 1.1456804618
0 5898 0.4825014928
0 5908 0.1938054343
0 5919 0.2274903330
0 5926 -0.0665765901
0 5935 0.6005920150
0 5945 1.6763686850
0 5955 -0.0966140348
0 5891 0.0057782278
0 5900 2.2798945610
0 5927 0.8255349512
0 5946 0.4741146894
0 5966 0.2563785327
0 5975 1.3435106049
0 5901 -0.0019182827
0 5911 -0.2337851248
0 5875 0.4721593680
0 5948 0.2023428331
0 5893 0.9365662958
0 5902 -1.1159097742
0 5920 -0.0445090337
0 5938 0.1338510108
0 5959 0.8670863776
0 5968 0.3456540889
0 5988 1.2821169350
0 5999 1.5256454451
0 6455 0.2102351396
0 5979 0.8995585968
0 6421 0.6428192765
0 5991 1.6331605504
0 5992 -0.3896287028
0 6004 -0.1433555818
0 6458 0.8083227513
0 5982 0.9714223290
0 5993 0.2774710983
0 6425 0.3426827243
0 6451 0.6379850801
0 6309 2.1793902647
0 5984 -1.6429317888
0 5994 0.6510601694
0 6444 0.3038302489
0 5997 0.1189247112
0 6007 0.4117129304
0 6445 -0.1205702751
0 6453 -0.7653161615
0 5998 -0.8238256837
0 6427 -0.4015194359
0 6435 0.2538588161
0 6446 1.4752262436
0 6403 1.6118122779
0 5922 0.6891502075
0 5915 2.5203945694
0 5910 1.8095311146
0 6401 0.0251789037
0 6003 -0.1881603662
0 5899 0.1727465505
0 6396 -0.0308076388
0 5873 -0.8863236517
0 6418 -0.8050115397
0 5874 0.9071856489
0 5916 0.2285612385
0 5878 -0.2052675697
0 5983 -0.4501294716
0 5990 0.1691680392
0 5996 -0.2157346522
0 5940 1.9818610974
0 5846 1.1393601685
0 5871 -0.5457737456
0 6436 0.5067313561
0 5872 1.1322083489
0 5956 0.7440329792
0 6402 0.4085676197
0 4758 0.2492920241
0 5285 0.3002399565
0 9153 0.0713751698
0 9137 -0.2637878503
0 9151 -1.5432555203
0 9143 0.4767223650
0 9201 -1.4466977653
0 6173 -0.7934676149
0 6284 0.5536832324
0 6276 -0.2830055602
0 6258 -0.2486752249
0 6252 -0.4300803540
0 6255 0.4560057937
0 6166 -1.1923225898
0 6085 0.1808303634
0 6025 -1.5450857982
0 6268 -0.8357041477
0 6180 0.1158509273
0 6143 1.8957261039
0 6041 -0.6182578000
0 5829 0.1235732712
0 8427 1.0218360132
0 8218 0.8239983721
0 6023 0.1147576193
0 5835 -0.0575027950
0 5831 0.3216069048
0 5830 -0.4947229755
0 6039 -0.1536218467
0 6086 0.0786934602
0 6413 -1.7274451144
0 6412 -1.9373767280
0 6411 -1.6827008866
0 6087 -0.7918860207
0 6077 0.2363712506
0 6076 0.2270455106
0 6071 -0.8427503997
0 6069 0.3043590923
0 6038 -1.8307644239
0 6036 -2.1656748491
0 6035 0.3725375370
0 6034 0.1460146017
0 6030 0.9163334678
0 6024 -0.4378296483
0 6021 -2.6585683435
0 6019 -0.3434274621
0 6017 -0.2631282064
0 6013 0.4714570017
0 6012 0.4377119162
0 6011 -0.3529374569
0 6010 0.3593670886
0 5870 -0.0300377390
0 5867 -0.5489282498
0 5865 -0.9539064116
0 5860 -0.7535601268
0 5836 1.3258348843
0 6231 -1.2334923568
0 6212 -0.6464272654
0 6140 -0.2933183963
0 6138 0.2745895884
0 6120 1.9210885005
0 6118 -1.5928903817
0 6073 -1.8328618706
0 6022 -0.7616401654
0 6020 -0.9496208523
0 8227 -0.6548993256
0 8225 -1.1624964079
0 8230 -0.1651193355
0 5856 -0.1514111231
0 8307 0.2555043401
0 1409 -1.1841651224
0 6959 -0.9180296245
0 7525 -1.6430933502
0 6961 -1.5112911804
0 6967 -1.4327073007
0 6973 -1.1869132041
0 6974 -0.7082036878
0 6976 0.6017083219
0 7516 0.1182024946
0 6979 1.3019432274
0 6980 1.1091633514
0 6982 0.5416265939
0 6983 0.4272322603
0 6985 2.7760807114
0 6931 0.8318300740
0 6043 -2.5609898820
0 6945 -0.4041970858
0 7519 -0.2950508126
0 7526 -0.5273562202
0 7523 0.9515774349
0 6956 -1.4846465912
0 6960 -1.2135364343
0 7524 0.1101753814
0 6963 0.1402654807
0 6964 -1.9289995568
0 6965 -1.8238483425
0 6966 1.6390037281
0 6969 -1.0393316869
0 6971 0.9490091289
0 6975 0.8455710934
0 7517 1.6210700723
0 6978 0.3279638717
0 6981 0.3983926582
0 6984 0.9386236688
0 6899 0.0761136420
0 6903 1.3106829400
0 6904 -1.1415383236
0 6905 -1.4198369335
0 6906 0.5816978827
0 6909 0.7604791333
0 6911 2.1685033885
0 6916 1.3627234831
0 8215 1.0829007610
0 6921 -0.4584283181
0 6932 -0.0752095705
0 6046 -1.5646356606
0 6944 -1.6828940971
0 7515 0.0086680998
0 7514 0.4571960445
0 6962 -1.0923648098
0 6968 -1.5521977800
0 6972 -0.8104046969
0 6970 0.5041128627
0 6977 0.2168246430
0 8329 0.6322759188
0 7379 1.1121979009
0 7080 -1.2433431456
0 6744 0.3509571895
0 7098 -0.8525232026
0 7158 -1.0146039575
0 7163 0.4023172149
0 7165 -0.3992808366
0 7340 -0.1746781151
0 7372 -1.1372481994
0 7394 1.0769995510
0 7397 0.2771091848
0 281 0.8474348121
0 8258 -1.5598395790
0 8259 -1.1634736039
0 8290 -1.7990408388
0 7461 0.8861924170
0 7323 -0.6379072786
0 8254 -0.0241641317
0 8270 1.1824829698
0 8233 -0.9629096094
0 8285 0.9619565024
0 6016 0.1923416903
0 8423 0.0743637179
0 8237 0.0140403203
0 6040 -2.0943727885
0 6064 -1.0598465973
0 6957 -0.9273961204
0 8369 -0.5942213090
0 8247 -1.0477296235
0 8426 0.4677108644
0 8428 1.9767649640
0 9058 -0.1729501352
0 8249 -0.3489880380
0 9057 -2.0014634977
0 7139 0.9687817422
0 7307 -0.1803920738
0 7331 -0.3018700579
0 7337 0.8079834977
0 7378 -0.1361440100
0 7405 0.4089954591
0 66 1.0741579165
0 149 -1.1404571321
0 328 -0.8298793928
0 334 2.0958501817
0 2274 0.5073958909
0 5753 0.5428268984
0 6709 -0.1242762862
0 7000 0.4880261398
0 6989 0.5132405025
0 7031 0.0788040457
0 7062 2.9749676607
0 7460 1.2514306125
0 7123 -0.3633163926
0 7128 1.7005470329
0 7145 -0.3810055023
0 7147 0.3938630820
0 7166 0.5970086910
0 7255 -0.3585541557
0 7275 0.7789757308
0 7258 1.3283460724
0 7291 -0.0704901360
0 7310 -0.2364386793
0 7330 -1.3937059354
0 7333 -1.9200000132
0 7411 -2.1470322141
0 178 0.1145246392
0 378 -0.6550569924
0 8241 -0.4923847277
0 6988 -0.3085101306
0 8256 -0.4308027811
0 8796 -0.4179328377
0 8264 -0.7109120868
0 8265 0.9648350156
0 8231 -0.4697998763
0 8271 1.5406194816
0 6190 -0.4782581166
0 8275 0.9220979616
0 8420 -0.0245573411
0 8283 1.8210525472
0 8284 1.0988918486
0 6008 1.6404265628
0 8422 -0.0891612553
0 8296 -0.5701241575
0 8297 0.7896270254
0 8300 -0.1181723899
0 8235 0.9219224552
0 8306 -0.4151168116
0 8310 -0.8254896680
0 8236 0.8675754451
0 8311 0.2803801107
0 8314 0.3890954257
0 8239 -0.6667415959
0 8240 -0.6458014706
0 8323 -0.7673093031
0 8242 -0.0039479480
0 8325 -0.1586728415
0 8326 0.0131212923
0 8222 -2.0125164107
0 8430 -0.6266549625
0 6042 0.7566421150
0 8335 1.1292525015
0 8343 -1.6265345326
0 6074 -0.3579767622
0 8351 2.5527110861
0 8353 1.5024161622
0 8354 -1.4463712504
0 7296 -1.7612093997
0 8365 1.0742408596
0 8374 0.3148562262
0 8376 0.6422022377
0 8378 -0.8027417872
0 8412 -0.0884401430
0 8387 -0.6685518347
0 8389 -0.6606496344
0 6243 1.5780227206
0 7507 -1.1344561426
0 7343 2.4636035586
0 6005 1.2241197901
0 5729 -0.3645732124
0 5380 0.9781163488
0 5381 -0.3589103823
0 5565 -0.1042023155
0 7011 -0.0080553512
0 7199 0.7415274110
0 7224 -0.4794574423
0 7277 0.1447051661
0 7490 1.0393448280
0 7492 0.8450370202
0 7300 -0.9288900414
0 7306 1.2127491217
0 7408 0.6396410135
0 7418 1.4513315760
0 5887 0.5603331848
0 5987 -0.1970266034
0 173 -1.6074451402
0 357 0.3013325837
0 258 -1.0956525254
0 374 -0.9126435593
0 94 -0.5771604255
0 1859 -0.0727762452
0 6188 1.1637355437
0 5207 0.5072972959
0 6448 -0.2453470776
0 8312 -0.0783610175
0 8313 2.3739364066
0 8334 2.4302603498
0 8337 1.1336454168
0 8357 -1.3948947493
0 8366 0.0104051252
0 8411 1.3309665247
0 8388 0.6515021068
0 8395 -1.6595696310
0 7014 1.2498638875
0 7035 0.7844238100
0 6810 1.1263543292
0 7498 -0.1365321201
0 7506 0.1609659629
0 7390 0.7188173557
0 7284 -0.2560018682
0 7081 -0.6033492772
0 8243 -1.6839999966
0 8245 0.4634308880
0 7033 -1.7927802513
0 2150 0.1910644794
0 100000 -0.1662479746
0 8266 0.7580231114
0 6897 0.4893384027
0 6898 -0.1097306044
0 5837 -0.1073389453
0 6907 -0.4385694158
0 7438 -1.4720150998
0 6910 0.5754604282
0 6913 -0.3738400534
0 6914 0.7045469432
0 6918 1.1106634712
0 6919 -0.5332329430
0 8214 -0.2957443506
0 6924 0.2824828277
0 8424 -0.5209879173
0 6926 -0.5632204828
0 6928 1.5162188444
0 6933 1.8582998994
0 7520 -0.4353116082
0 7521 -0.4331111839
0 6936 1.5316746072
0 7522 -0.0728689889
0 6937 0.1950541201
0 6939 -1.4777231484
0 6900 -0.0721390668
0 6901 -1.1952157581
0 6908 0.6332783690
0 6009 -0.0202360908
0 6915 1.7683737966
0 6917 -0.5309273386
0 6920 -1.8005132279
0 6922 -0.7559720100
0 6923 1.2385332270
0 6927 0.3213732888
0 6929 0.3096226695
0 6930 0.7991968698
0 6940 -0.5848376059
0 6942 0.1868509169
0 6943 -0.2613258868
0 7518 -0.5521356378
0 6946 1.9164228873
0 8213 0.8779292616
0 6951 0.8040808746
0 6958 1.0580912816
0 7305 -1.0999501888
0 7376 -0.9822429015
0 7386 1.2983415097
0 7404 -0.3058232539
0 7403 -0.5226121996
0 7457 0.1224130137
0 7463 0.5561532376
0 7015 0.1414405919
0 7024 1.3561150009
0 7079 -0.4011251519
0 7152 1.0776829610
0 7297 0.0028495083
0 7381 0.0901956688
0 7413 -1.3140599566
0 7176 -0.1235701786
0 7352 0.8946919133
0 2327 -0.1992532925
0 7117 -1.2661674881
0 7172 1.6889718028
0 7168 -0.4089733161
0 7423 0.2847990472
0 7425 1.3350361329
0 7223 1.1052196102
0 7239 1.3313352333
0 7276 0.7313675622
0 7281 -0.7286033706
0 7287 -0.0028934648
0 7292 -0.9075688517
0 7299 -0.9981142680
0 7303 -1.6205365705
0 7309 -1.1205610995
0 7328 1.5215800368
0 7406 1.7909500858
0 2320 -0.3858405168
0 7242 0.5209862066
0 7462 1.4719409268
0 5385 -1.1628980829
0 5292 -0.3043787519
0 5337 0.5625499182
0 5350 0.3173563165
0 5377 0.2364240722
0 5386 -0.0970522170
0 5310 -1.2199407250
0 5282 0.1172429576
0 5339 -1.4668216744
0 5322 -0.6315384847
0 5331 -0.6537138273
0 5364 -2.5271388362
0 5373 0.4331304573
0 4879 0.9601472784
0 7069 -1.4288842259
0 7496 0.4886212618
0 7502 -0.1734013713
0 7344 0.2126304757
0 7346 -0.1929176596
0 7353 -0.8794316771
0 7373 -2.0148184607
0 7384 -0.8871453838
0 81 1.3695919648
0 373 0.1948877496
0 383 -0.4720048444
0 1867 1.6151559663
0 957 1.3889818689
0 998 -1.7005368254
0 1006 -0.4562059635
0 992 -0.8958432777
0 1002 -1.7330104608
0 1166 0.2194721553
0 9077 2.9259719394
0 9104 -0.6838371297
0 9152 -0.1781850023
0 9165 0.6665740755
0 9179 0.7999777138
0 6996 -0.8300579345
0 7008 0.1981227986
0 6729 0.9064180416
0 7092 -0.6808224827
0 7164 -0.6405524564
0 7169 0.5441975498
0 7181 1.9846342011
0 7252 -0.1016613699
0 7446 -1.6452854988
0 7270 1.4584448113
0 7483 -0.0413976317
0 7316 -0.2081219474
0 7351 0.1997832958
0 7391 2.3443641031
0 1 -0.8412178684
0 392 0.7300177596
0 379 -0.7568235214
0 380 0.8771253170
0 267 -1.0078409498
0 2057 -1.2702589272
0 5742 1.7357562716
0 5056 -0.7770345459
0 5122 0.2197091774
0 5158 -1.5373703555
0 5832 -1.8095837898
0 6994 1.0064330640
0 7002 1.1579417937
0 7026 -0.0298156732
0 6730 1.1936873049
0 7075 -0.8298252841
0 7126 -0.3597059801
0 7227 3.3235522721
0 7229 -1.9704706445
0 7449 0.0093026465
0 6847 0.6194417851
0 6953 -1.5392066948
0 7320 0.4721441422
0 7354 0.2037904592
0 7283 1.2589164925
0 2 -0.6946764648
0 386 -0.3264006325
0 1716 0.2124100925
0 1967 1.0074357242
0 5785 -0.5940933568
0 4802 -1.3566171615
0 5116 0.2085334740
0 5202 -1.9535125420
0 7071 -0.4646302314
0 7064 0.2851580105
0 7078 -0.9956777135
0 7094 0.9278237534
0 7141 -0.9989479887
0 7143 -0.1516806915
0 7151 0.0475712135
0 7150 0.7646494288
0 7424 1.5684726880
0 7178 0.8612913463
0 7188 -0.6497913857
0 7201 -0.8529127531
0 7206 0.2851373756
0 7205 0.7360126633
0 7231 -0.1252803842
0 7244 0.2850177725
0 7260 0.0878768103
0 7263 0.7092561410
0 7280 0.4863913390
0 7282 1.1758252177
0 7472 -0.1794173367
0 7382 -0.0940479171
0 7392 -0.9177109567
0 7477 0.5269499762
0 8610 1.0274036771
0 8692 1.8517545672
0 6727 -1.4403766371
0 7105 1.0552019250
0 7479 0.9796084784
0 7482 -0.6267661436
0 7504 -0.5564028918
0 7508 1.2134380182
0 7355 0.3557072728
0 5896 -1.5753113939
0 166 -1.4787613959
0 223 0.1339468655
0 126 0.3121185713
0 390 -1.6594977440
0 321 0.7261853601
0 259 1.4384935836
0 362 1.6401620463
0 260 -2.2378017266
0 91 -0.0073472705
0 641 0.6629243598
0 5160 0.6756127204
0 5232 -0.5245090747
0 5606 -0.7906046591
0 5628 1.7791775447
0 7004 0.8492849615
0 7100 0.0340310331
0 7102 0.3942085601
0 7110 -0.9933223830
0 7135 -0.3316242397
0 7186 0.7348283653
0 7430 1.4261264797
0 2187 0.9972533121
0 6094 -1.5773515244
0 6096 0.1580392663
0 6109 -0.0559395785
0 6112 -0.8565384811
0 6124 1.1937992511
0 6169 -0.1596617538
0 6202 -0.3559303371
0 6203 1.1094539584
0 6242 -1.6059889543
0 6318 0.9609714614
0 6990 -0.9792812291
0 6992 0.0344688687
0 6998 -0.9390706507
0 4927 -0.9226332694
0 4935 0.9294353214
0 4862 -1.6486583780
0 5596 1.8420805383
0 5517 -0.7940250790
0 5582 1.2740265400
0 5590 -1.2102290097
0 5536 0.0547583435
0 5670 0.2638967468
0 5678 0.4938538115
0 5645 -0.3741622889
0 2290 0.0589108173
0 5805 0.0591659479
0 4997 -1.6677525240
0 5341 -0.4898465363
0 6449 0.2683087763
0 1366 0.1387434078
0 1363 -0.0303929625
0 1317 0.4044969766
0 1313 -0.1323148360
0 1312 -0.4335164711
0 1360 -0.3918805041
0 1362 0.9795054094
0 1256 -1.6457444705
0 9342 -1.2400446993
0 9450 -0.6683549953
0 9437 -0.2668652204
0 9436 -1.7032643811
0 9434 -1.1885236946
0 9427 0.5817134806
0 9421 -1.0000359277
0 9416 -0.3284332370
0 9413 -1.2923566308
0 9412 -0.8747672496
0 9411 -1.6700329485
0 9410 -0.8849017718
0 9408 -1.2880447633
0 9407 -0.8298433165
0 9405 -2.5548130842
0 9404 -0.4705243536
0 9399 -0.8864657848
0 9392 0.6708631990
0 9391 1.4756320279
0 9390 0.9536275266
0 9388 -0.3736009939
0 9386 0.9743988077
0 9385 -0.9599238069
0 9384 -1.2183733517
0 9383 -1.0755090947
0 9382 -0.5859089311
