0 S0 -1.3276363206755681 -0.31298328339519349
0 S1 -1.3252076529776371 -0.30518379691208858
0 S2 -1.3980444063645732 -0.41297837751927224
0 S3 0.91348960493142106 -1.0689604164599131
0 S4 -1.3877096150985633 -0.32466777373312622
0 S5 0.98732374885347995 -0.97141032536151606
0 S6 0.95546452060405596 -1.0073491909579038
0 S7 -1.3013893970582282 -0.35880138420399321
0 S8 0.42490944877486725 1.3009805231054223
0 S9 0.42245882185687333 1.4094379895037485
0 S10 -1.3753816064941786 -0.2758630422679898
0 S11 -1.3598956521770249 -0.34438261484439381
0 S12 1.0180220588753206 -1.0791806849251995
0 S13 -1.3671186258244112 -0.3902904416405516
0 S14 0.43979683666368236 1.3713095805094371
0 S15 0.41696016123766905 1.4115746622537824
0 S16 1.0383342044460204 -1.007023855854144
0 S17 -1.3528336944494752 -0.28919393805241611
0 S18 0.32923833547257553 1.3571165048103195
0 S19 0.43921330685104643 1.2891610790197419
0 S20 -1.3312400821744668 -0.2839742517691905
0 S21 0.9808062122011274 -1.0779805925842341
0 S22 -1.3306729755256561 -0.30994778732291522
0 S23 0.97878190900155504 -1.0301819152251355
0 S24 -1.2539135945197615 -0.53477181196165591
0 S25 0.91095693246771736 -1.0266295588781253
0 S26 0.37201065071137113 1.4565237485031064
0 S27 0.39180540299758326 1.3221469151596457
0 S28 -1.3663910089052997 -0.32604746073469409
0 S29 0.94490232364037163 -0.98195964593943441
0 S30 0.92817143607978025 -0.99945046948707006
0 S31 -1.3054980311252162 -0.34626386918695279
0 S32 -1.3141871981014244 -0.35054451195137737
0 S33 0.35895566472514584 1.3811166572224471
0 S34 -1.3930739884924892 -0.44063076649877075
0 S35 0.45691142133896684 1.3799707207112157
0 S36 -1.371819309694829 -0.26183663469167057
0 S37 0.37785906831671973 1.4053060214745325
0 S38 1.0018443058585325 -1.0949299529050691
0 S39 0.97371096947265623 -1.0327810848936665
0 S40 1.0315337789349734 -1.1002914395134025
0 S41 0.38496873068113863 1.4385017226204395
0 S42 -1.3811603466842604 -0.35258862161766175
0 S43 -1.3006809046583634 -0.2565863386271503
0 S44 0.98832125392671732 -0.99396517046032995
0 S45 0.97226415692982238 -0.88249758771538289
0 S46 0.45208842872983912 1.3952004914990896
0 S47 0.93383037873517982 -0.96663411489311579
0 S48 -1.2780028278109856 -0.28070938541666146
0 S49 0.36094574844135818 1.3194062236865982
0 S50 -1.3118002531542619 -0.35718622288165702
0 S51 0.45661983085069574 1.2671204867621597
0 S52 0.97440930520312419 -0.96739470986224863
0 S53 -1.3908493732495748 -0.30863862619009907
0 S54 1.0246062728958396 -0.96397060659096179
0 S55 -1.3325060208959381 -0.34315344434348272
0 S56 0.32624257952026137 1.4328580266600324
0 S57 -1.4247417300973935 -0.35702450847717343
0 S58 -1.3306377912626779 -0.27463337658616827
0 S59 0.35044742289451331 1.3120426411809485
0 S60 -1.3850298054397057 -0.33506557001128207
0 S61 -1.332341712922569 -0.32165960160626073
0 S62 -1.3299403023084373 -0.32501155562809686
0 S63 0.3718505134719432 1.398388890406665
0 S64 1.0670731240443638 -0.98503321727563298
0 S65 -1.3835236241649222 -0.36836185966785645
0 S66 0.9775054054106086 -1.0845238772306887
0 S67 -1.2967769431177467 -0.30874297066420231
0 S68 1.0184022670518764 -0.96337085226489527
0 S69 1.0351715736737288 -1.0428750744045365
0 S70 0.40973266222816346 1.5375610345034216
0 S71 -1.3687271352670702 -0.30196587697485155
0 S72 0.36663430876611469 1.3730379072541927
0 S73 0.40355091573469692 1.3732252179687741
0 S74 -1.3527977785729204 -0.27949692191437442
0 S75 0.932713238825431 -1.0353427151083998
0 S76 0.36123696292767182 1.4230024977602918
0 S77 -1.3740344161455751 -0.34509552913655023
0 S78 -1.3301845910460881 -0.24551026562291453
0 S79 -1.3901480446986967 -0.29098113205786685
0 S80 0.36491336420428516 1.3192801567200274
0 S81 0.43497426027798614 1.3685694135232793
0 S82 -1.3736573308627653 -0.36395885587035404
0 S83 1.0171202275017528 -1.073507015913304
0 S84 -1.3907819268930459 -0.29450241121848292
0 S85 1.006102064034105 -1.1268499895425677
0 S86 -1.3942908146292023 -0.34324005140426023
0 S87 0.99024851907142741 -1.0775486310436317
0 S88 1.062986312332854 -0.97474681238705119
0 S89 0.39574986582665972 1.3963395246712578
0 S90 -1.3868240221963057 -0.34273759537477316
0 S91 0.40448695948584257 1.4325827490535492
0 S92 -1.3503218726383224 -0.29910489426169989
0 S93 -1.327802022166805 -0.28143778783044288
0 S94 0.97015713981261209 -1.0194155457190137
0 S95 0.94879022743971031 -1.062405682644842
0 S96 0.34328045459255108 1.3875567831440594
0 S97 -1.3105216370968544 -0.30460121393056938
0 S98 -1.360536538246264 -0.34451999796375915
0 S99 -1.319864541502324 -0.30911108091217632
0 S100 1.0115847283149855 -0.96019942582545736
0 S101 0.39889640696913936 1.4040433716649856
0 S102 1.000289961837862 -0.97924560008684414
0 S103 -1.2205932428696951 -0.34844313736718713
0 S104 0.99825600097188638 -0.96654140540463895
0 S105 -1.3516081656795804 -0.38461995651430814
0 S106 -1.3466610641715226 -0.35427394736668844
0 S107 0.44342358988737529 1.3680578139351012
0 S108 0.42413407037692413 1.4308876428721073
0 S109 0.37413256629396535 1.3467546769175114
0 S110 0.93265593596950691 -0.96409770564091057
0 S111 -1.3779696708803773 -0.3430578766559656
0 S112 -1.3289493030809616 -0.31544359001101724
0 S113 0.98439182997439589 -1.0577868630768599
0 S114 0.95897231679497619 -1.0285557538554559
0 S115 -1.3068859068976211 -0.37017213559091394
0 S116 1.040645238461648 -1.0103539321816859
0 S117 -1.4472391372019553 -0.39370862904978615
0 S118 -1.3534388991624156 -0.3566332161458165
0 S119 -1.3357443944002896 -0.2791430808376868
0 S120 1.0070263121522562 -1.0422959629786004
0 S121 0.40930957712119675 1.4817371563013679
0 S122 0.9626780349448415 -1.0358079732875585
0 S123 0.96606016114591109 -1.05551987522177
0 S124 -1.3855180625550805 -0.34104996436073581
0 S125 1.032135608195252 -1.0458005593527617
0 S126 1.0284909552757731 -1.0273730881735252
0 S127 0.9959705516370968 -1.1273071978342573
0 S128 0.96708945229735299 -1.0623080196009627
0 S129 0.96072428982775093 -1.0185975074787539
0 S130 0.90623061570300956 -1.011329275848925
0 S131 -1.2830387423686105 -0.4290788156468528
0 S132 -1.3815662401207633 -0.28386088254170977
0 S133 -1.3588351060089288 -0.3059052125507275
0 S134 -1.4125332599417402 -0.33768419693330931
0 S135 -1.4059944180973472 -0.23445269080217404
0 S136 1.0025572718120048 -1.006668884502931
0 S137 0.9645734764581575 -0.97473972021691824
0 S138 -1.3306013349443615 -0.25210005199984165
0 S139 1.0271333309191517 -0.952954961784649
0 S140 0.35680386792862551 1.3903969543935575
0 S141 0.42188307269271386 1.362067738039034
0 S142 0.42343244131889768 1.3949880352223596
0 S143 0.33532139491622209 1.4020273358052266
0 S144 -1.4083452839890616 -0.24573801649951299
0 S145 1.0332308095862226 -1.0377932156466576
0 S146 0.41511657440291633 1.4400653794198894
0 S147 0.33488495239170324 1.4555470977175413
0 S148 -1.3227730196298979 -0.4107316052446271
0 S149 -1.364810048960436 -0.34281086503534802
0 S150 0.31625373501838749 1.3618540286357717
0 S151 0.38361020437070426 1.3715459722473358
0 S152 0.38971968932851131 1.281540499527994
0 S153 1.0449004317572912 -0.99887992883168975
0 S154 0.41427745155708995 1.3216866344538292
0 S155 0.99613311611577071 -0.98900468607749326
0 S156 -1.3410081225406425 -0.35280541344481475
0 S157 1.0049433056627413 -0.96727910757977575
0 S158 0.39792887042238301 1.2595402885283304
0 S159 -1.3971042502237623 -0.2541544582804362
0 S160 0.4851276309308411 1.3749736292446217
0 S161 0.40332049912791923 1.4199692409969416
0 S162 -1.3368272338136942 -0.30146159748001228
0 S163 0.38387353214558678 1.4287586945541062
0 S164 0.31141634363847459 1.4059584893744999
0 S165 0.37747113235733198 1.4472045391358719
0 S166 0.40302183284966964 1.3688777224008308
0 S167 0.48994536424720037 1.387120204002958
0 S168 -1.3282756480114457 -0.29574563094268791
0 S169 0.49955550424244044 1.3776624433298361
0 S170 0.39822426727363447 1.3162139539968425
0 S171 0.9789498538922119 -1.1160672741739894
0 S172 0.38433011905991371 1.4586175122450484
0 S173 0.42076751670162377 1.4472226405328887
0 S174 -1.3902360443813555 -0.33772829941559229
0 S175 0.94006689182226177 -1.0766947780759324
0 S176 1.0120031046204105 -0.99405328332797416
0 S177 -1.3096399706038206 -0.33331360787362796
0 S178 0.45847821192347338 1.3749180310750626
0 S179 0.93859260447632409 -0.95273810521747226
0 S180 -1.4757898217604482 -0.38950080972751577
0 S181 0.91978792952444954 -1.0570850014622786
0 S182 -1.3305138495414317 -0.41442972493202285
0 S183 -1.4326417817973274 -0.36981900629578929
0 S184 0.38026206594717704 1.3169641142417552
0 S185 0.96579827791222739 -1.0094517385136408
0 S186 -1.3452699902334488 -0.37293283542992151
0 S187 0.99041890585700221 -1.012481474483355
0 S188 1.0185945516273538 -0.95205532201544174
0 S189 0.4415764351312409 1.483627245014693
0 S190 0.39419590520628983 1.3083991734941003
0 S191 -1.3580850856942366 -0.28772225608608265
0 S192 0.37466396240144839 1.392746734515949
0 S193 -1.427709621049075 -0.36195214505443435
0 S194 1.0553906520537271 -1.0406047237666374
0 S195 0.43795203238917302 1.3973468725354217
0 S196 0.35736061381294837 1.4354826888784349
0 S197 0.982287352751677 -1.0528700836395335
0 S198 -1.3289340462922705 -0.38905831222904164
0 S199 -1.3484375648700233 -0.25830560079458054
0 S200 0.49625619386454956 1.3649365643468205
0 S201 1.0502666832537109 -0.97722831875325744
0 S202 0.93256017014440995 -1.049074069269879
0 S203 0.94585843719721219 -1.0119969474712247
0 S204 0.96672381752154324 -0.95053201562610357
0 S205 -1.314243274897589 -0.33999771058168382
0 S206 -1.3677488172933017 -0.38189541775253777
0 S207 -1.2775207858519848 -0.35928103008710438
0 S208 -1.4074762251369866 -0.3952074484661619
0 S209 0.96562979716267039 -0.83846252055664749
0 S210 0.92896201411355794 -0.92318930225872176
0 S211 -1.3473593302041933 -0.31691560054515872
0 S212 0.9902801683626492 -1.0280243693718425
0 S213 -1.3903945152054666 -0.29332842139477383
0 S214 0.31556340425505641 1.3097371317486843
0 S215 0.35160636362137304 1.4545032410076044
0 S216 0.40235861495446251 1.3258571747179297
0 S217 0.38332486995630727 1.3528262773427993
0 S218 -1.4707542164165679 -0.41938753305846138
0 S219 0.99628166818708308 -1.0233159574071813
0 S220 0.30019253464041329 1.3581434964388326
0 S221 -1.2593546639642978 -0.41782658496632613
0 S222 -1.3548646874246488 -0.3655486966849088
0 S223 1.0084992107179211 -1.0782636725528512
0 S224 0.43216348104525776 1.4992795381259776
0 S225 0.99785179024498882 -1.0312732203672934
0 S226 0.91608771660603217 -0.98455046807971691
0 S227 0.38674314225539036 1.3628774216333182
0 S228 -1.334646798805994 -0.30688639331460738
0 S229 -1.2415934324023263 -0.35946717242560305
0 S230 -1.3522227636029653 -0.3466192676397859
0 S231 1.0181427082670018 -1.0772477746772655
0 S232 0.92095860574822708 -0.98076208783712726
0 S233 1.0232935739091482 -0.9671491097874565
0 S234 1.0571249317256095 -1.0943714965164351
0 S235 0.40271761553621038 1.4217484799704441
0 S236 0.41002177256808248 1.4193091047073909
0 S237 -1.3601446179458869 -0.38011818321735252
0 S238 -1.3316832034199888 -0.33344571709400556
0 S239 0.98709262633773354 -0.92410485403162002
0 S240 0.3876249652930126 1.3569453366237549
0 S241 0.45938148112900506 1.3603362062618423
0 S242 0.38523842531489677 1.3942769959536832
0 S243 1.0271468781962125 -0.96888099403605821
0 S244 -1.3402781869829017 -0.35740923594396945
0 S245 1.0806280994011825 -1.0987313825761702
0 S246 0.37202172065737205 1.4118134304952599
0 S247 1.0654059801373137 -0.97542008843684747
0 S248 1.0182934130917609 -1.0505472864374306
0 S249 -1.3758074437260406 -0.37156793869588944
0 S250 0.37376187639990122 1.3809288438857086
0 S251 1.0218560554746361 -0.96056714047256631
0 S252 0.97051933486139785 -1.0517027039953621
0 S253 -1.3320453129465897 -0.39522093007193454
0 S254 0.4430508584820389 1.4113213328881016
0 S255 0.41858397481468451 1.4730823868855423
0 S256 1.0259603125042742 -1.0482024862319232
0 S257 -1.3134301031950248 -0.30730396808073274
0 S258 0.42038250200564881 1.402790143354222
0 S259 0.90453410040089088 -0.90818740555898891
0 S260 1.0206607482069985 -1.0915980997751515
0 S261 -1.2872219659394559 -0.35774165374538924
0 S262 0.4655933142197361 1.4238695470508826
0 S263 0.34974074618417872 1.331272638876611
0 S264 -1.3219835937660209 -0.35955377063158123
0 S265 0.38441840230618068 1.3861056950710917
0 S266 0.42205018997273891 1.3287887559405294
0 S267 0.97735716135249817 -1.056272711720192
0 S268 0.51129975632486091 1.3511460568483762
0 S269 -1.388392288871277 -0.30018144379347145
0 S270 0.35748539424195175 1.3386052652902687
0 S271 1.1130250134978308 -1.0202210951848112
0 S272 -1.3098764990674112 -0.32744410422634512
0 S273 -1.3351472469448598 -0.33796437098310916
0 S274 -1.3059543164487291 -0.28048920857345322
0 S275 0.36420686272005531 1.3305842490772166
0 S276 0.988340179988485 -1.0386266814073684
0 S277 0.95718176179551961 -0.97896394211089577
0 S278 -1.3852780790914339 -0.31225296682634435
0 S279 -1.3506457269633045 -0.41644797811551154
0 S280 0.42960601595923492 1.4183806904106282
0 S281 0.38968003727598199 1.3828521578409232
0 S282 0.99211749055046761 -1.0599111180212237
0 S283 -1.379882828962423 -0.35280338660184063
0 S284 0.40246956888373381 1.3841975209053496
0 S285 1.028602367757917 -1.0162210551477089
0 S286 -1.2628426863392546 -0.37535415973715686
0 S287 0.49451815322712306 1.3678968105034608
0 S288 0.4178264820213593 1.4059377251680074
0 S289 -1.3627398066396654 -0.38422133433650307
0 S290 -1.3202735653714532 -0.39375267073425257
0 S291 -1.3024400297434056 -0.35432824886094405
0 S292 0.93357976242669471 -1.0198701468345386
0 S293 -1.2629672593125154 -0.28930387782545264
0 S294 -1.3650914797519478 -0.25622932725391706
0 S295 -1.4320578234167298 -0.27787842579668975
0 S296 0.95015186012412267 -0.9909815100130257
0 S297 1.0805863212706428 -0.94783526789514694
0 S298 0.9816790401204416 -0.92285412773791742
0 S299 0.4783611431682992 1.41374723794248
0 S300 0.41867424625468957 1.383903787329188
0 S301 0.90273791436663675 -1.0408283659922362
0 S302 0.48357193330164633 1.3715600413472473
0 S303 1.0310608547741895 -1.0358549772684131
0 S304 0.42567873287271507 1.4585591105812759
0 S305 0.98124503706516275 -1.0734837381944287
0 S306 -1.2760575160284813 -0.32679625566729792
0 S307 0.94486078578409582 -0.93258694836582456
0 S308 -1.3227468055544209 -0.3683650315424119
0 S309 0.99872743354769067 -1.0252512227587274
0 S310 -1.2488460024184005 -0.16452671564799293
0 S311 -1.3346559796091033 -0.26473453774312461
0 S312 -1.3592197184823007 -0.36671488597927909
0 S313 -1.3182483247550603 -0.38460504211876173
0 S314 -1.2381149990664795 -0.29511146799598625
0 S315 0.38646030958714772 1.4204335091667164
0 S316 0.29190260912941407 1.4740764356505158
0 S317 1.0706512037656781 -1.0513104753325941
0 S318 0.96416477246220011 -0.95127371927372784
0 S319 -1.3871624081522338 -0.41712313971022474
0 S320 -1.4888223885967846 -0.425078662849044
0 S321 -1.3650016340873707 -0.31657510311035514
0 S322 1.0353246977874271 -1.0445413626917803
0 S323 0.48256115764910879 1.3684180207792114
0 S324 1.0223623671305 -0.93929631626722065
0 S325 -1.3941979139335812 -0.32174963161260633
0 S326 1.0573402072947657 -0.98659420325182534
0 S327 0.97750181739822328 -1.019304873610944
0 S328 -1.3307400706163446 -0.24260980975625315
0 S329 -1.3026261559510455 -0.27313982812780963
0 S330 -1.3813763781091561 -0.34777415802935358
0 S331 -1.3552971104110192 -0.20439063611376088
0 S332 1.0197666811235255 -1.0006735341587498
0 S333 0.45973307796523755 1.3500350986369571
0 S334 0.42952363158934476 1.351084009197409
0 S335 0.38742661595738698 1.3677871243438857
0 S336 0.94515372818615651 -0.91885673963781334
0 S337 -1.3259097743576147 -0.27863562157438038
0 S338 0.44220574124578454 1.3763072982952587
0 S339 0.40387913392812402 1.4543744577100226
0 S340 -1.4285331930812613 -0.36408448001942978
0 S341 1.0008719122795497 -1.0108565772831795
0 S342 -1.3307029655753004 -0.4102965792514856
0 S343 0.37708774828568176 1.4362079465698032
0 S344 1.0132014349162461 -1.0067409525114748
0 S345 1.0094529335774332 -0.99672468544181192
0 S346 0.95485117923939722 -0.95191818244215209
0 S347 0.41621887006908392 1.3373709896895281
0 S348 0.38077983888899058 1.3594732256982769
0 S349 -1.3119271562491992 -0.41394618398220712
0 S350 0.92105795762142995 -0.91810992737359243
0 S351 -1.3205808423883445 -0.37579532104622887
0 S352 -1.2659008596020382 -0.34178726416296951
0 S353 0.37945654542901674 1.4065531817143859
0 S354 1.0226650408565645 -1.0447369722738447
0 S355 0.42985309046437198 1.3884304589487109
0 S356 1.0008636684183576 -1.0205629411581538
0 S357 0.38793768200199047 1.3579430435280482
0 S358 0.43286249448563391 1.3903070801969701
0 S359 1.0076576949276994 -0.92543172246272765
0 S360 -1.3532173165175625 -0.36894599146588908
0 S361 -1.3566308563069218 -0.37571068041614919
0 S362 0.35509029723758762 1.3430366658723518
0 S363 -1.3952498756862199 -0.33035181450396839
0 S364 0.3472383995311128 1.3792800655762898
0 S365 0.96423695304644486 -1.1078719234606533
0 S366 -1.2648543950250732 -0.34796452832009989
0 S367 0.40752909164579287 1.4643332948799184
0 S368 0.38070554171912513 1.2835403283671194
0 S369 0.39187613390843129 1.3231777920400136
0 S370 0.96380779371210368 -1.0884943081356828
0 S371 -1.3468295020318946 -0.27843604961356577
0 S372 -1.3342431198687104 -0.29861471370331505
0 S373 1.0035282403503809 -0.98504597651807313
0 S374 -1.3735843880061716 -0.35307044744616672
0 S375 -1.3138376663332441 -0.31771377673726853
0 S376 0.45496042352336163 1.32733378080513
0 S377 0.36395038130470192 1.3184033072681192
0 S378 0.97859891238696994 -1.0056367376244075
0 S379 0.48992693921901415 1.4216989926430148
0 S380 0.99571274129592091 -1.0322800041174405
0 S381 -1.360950635726033 -0.36993496914751528
0 S382 0.96660878565240682 -0.91517935808141304
0 S383 -1.3706229845492197 -0.34469884485062025
0 S384 0.42308621865913443 1.4521364253884745
0 S385 -1.3098016215779589 -0.37817362339376404
0 S386 0.43985552242578541 1.3503733844337873
0 S387 0.44358466977417998 1.3360389008356177
0 S388 0.41573060445696097 1.364984859080425
0 S389 0.41101815042075907 1.2992177905651139
0 S390 1.0501912832457834 -1.0412470708655608
0 S391 0.99314145297975431 -1.0372231450405907
0 S392 -1.3277943261450413 -0.36466148402220439
0 S393 0.41218064981987207 1.3908760190033804
0 S394 -1.3097079367972291 -0.23518256448218716
0 S395 0.40817820814281164 1.4089183796718872
0 S396 -1.3428224901293417 -0.34649789264104963
0 S397 -1.4318591798634093 -0.38634773359855951
0 S398 0.35931909204074136 1.4824547677802755
0 S399 -1.3447922318422911 -0.31940845388404832
0 S400 0.93022485076605355 -1.1256046642522168
0 S401 0.43117392521486525 1.4294436809596491
0 S402 -1.2750612807650374 -0.27496223465454062
0 S403 0.36586981146982284 1.3322166353439939
0 S404 0.94347232235187284 -0.97229486673667775
0 S405 0.32952825448194234 1.3771623889177755
0 S406 0.96441708239387858 -1.0528722045212453
0 S407 0.49471215810474772 1.388880377788444
0 S408 -1.3300132422887396 -0.32479928401756675
0 S409 0.35400116595966657 1.293477676149595
0 S410 0.42524964567162038 1.4340822589542823
0 S411 -1.3463166407764469 -0.26148181990637931
0 S412 -1.3602748884887097 -0.37909600029314416
0 S413 0.35735273805049594 1.4402607652018986
0 S414 0.94945266937183448 -1.0141429075972939
0 S415 0.90983143754123763 -0.9421122781692266
0 S416 0.88946118287595122 -0.98002652185332906
0 S417 -1.3307450695114922 -0.32116574564130462
0 S418 -1.3108806992385491 -0.30287932746302992
0 S419 -1.3891252357854238 -0.27635208228971303
0 S420 0.38553850411879032 1.4073220561125699
0 S421 0.29320663501499228 1.3896026536948718
0 S422 0.39968185072039902 1.4243810263547512
0 S423 1.0167197256286062 -0.98879906843169163
0 S424 0.29921092184626025 1.3798562493698536
0 S425 -1.3047034463240348 -0.37201176921020451
0 S426 0.42085894984712791 1.4116356910074539
0 S427 -1.2985826324493379 -0.40175638354040466
0 S428 0.35254730826652408 1.3962824967368219
0 S429 1.0694358287939123 -0.91008334108887967
0 S430 1.0104229053216793 -1.029939454104843
0 S431 -1.33080468253961 -0.2198750379932955
0 S432 0.95595463283215598 -0.99262636609803379
0 S433 0.95985414113663015 -1.0179995353487166
0 S434 1.0191496908122386 -0.94944893399219765
0 S435 0.4655835212870299 1.3912441238212883
0 S436 0.46791036757878252 1.3536829935744683
0 S437 -1.2472097967547988 -0.30670752764077036
0 S438 0.95822730024239489 -0.91861002031928585
0 S439 0.41942005298530227 1.3287594663212761
0 S440 0.96513816154221732 -1.0803270388825141
0 S441 -1.380504190639239 -0.2804566464714337
0 S442 0.38931720171538853 1.3131298366403603
0 S443 -1.3062015025288707 -0.42322774762209892
0 S444 -1.3145138355398553 -0.29395679115042916
0 S445 0.34278689095178577 1.5581434931529661
0 S446 0.41792175247831193 1.291500480678784
0 S447 -1.3984456241014649 -0.34674744306756
0 S448 -1.4518435225485378 -0.34887251572913019
0 S449 -1.3309019862291249 -0.39105505275164421
0 S450 1.0323216593948588 -1.0135930167611331
0 S451 -1.4836072307821475 -0.32147108460498908
0 S452 -1.3112712524103434 -0.29822321242639616
0 S453 0.95678986879991645 -1.0904212040725394
0 S454 0.96197752583655738 -0.98010188615988048
0 S455 0.9770949552417878 -1.0027222323185381
0 S456 0.37900813988112952 1.4055204129252272
0 S457 0.93723638567172052 -0.97991388867307061
0 S458 -1.3515915666188136 -0.35808003077850198
0 S459 -1.2654141436478226 -0.28922882496281943
0 S460 0.50192502269881545 1.3749198505100682
0 S461 1.0805848492258254 -1.0351987545625121
0 S462 -1.3930604224093004 -0.38447546027880614
0 S463 0.39378832809092013 1.3136151133891649
0 S464 0.88013320485782309 -0.99730044273857088
0 S465 0.39538338373210924 1.3723151227218895
0 S466 1.0207993729079097 -1.0358097282551355
0 S467 0.89483088009611089 -1.0176145468396747
0 S468 -1.3226145427286029 -0.28156950739439818
0 S469 -1.2686634458799588 -0.2092971985173995
0 S470 0.34763289911432049 1.3556905474936098
0 S471 0.98616932719898354 -0.99248420695656459
0 S472 0.97478469952671354 -1.1076754849571666
0 S473 -1.2766268484479533 -0.35339101150692181
0 S474 -1.4013428678770499 -0.2837033577802886
0 S475 -1.33666227488711 -0.30194815557383053
0 S476 0.34391550353643252 1.4183452148226201
0 S477 0.89734855483190412 -1.0032147013109312
0 S478 1.0108866870474624 -1.0117246745653787
0 S479 -1.3049472271949925 -0.34599276510076954
0 S480 -1.3829189836607128 -0.41383618808869027
0 S481 0.98579973583863101 -1.0239301132013785
0 S482 0.96788039789727087 -0.99487205259819178
0 S483 0.42823409302112292 1.2842586994487211
0 S484 0.49613631388389728 1.4920567005244283
0 S485 1.0282611123056147 -0.98587151156451003
0 S486 0.37063600922332901 1.4329937378533586
0 S487 0.4502579814047255 1.3898549127004418
0 S488 1.0240210969543724 -1.0162658314358706
0 S489 0.40722413616200198 1.3224363025263213
0 S490 0.98151995731041175 -1.0542732516363087
0 S491 0.41660688905209142 1.4444913039904059
0 S492 0.96285681869153372 -1.0031195166699989
0 S493 0.38695605818509038 1.4360172669475306
0 S494 0.41312013810344983 1.505739274460586
0 S495 0.41913178194278677 1.434063179869802
0 S496 0.36073863263113992 1.4576063661783816
0 S497 0.40802506369796288 1.3065459169722413
0 S498 1.0020739677173325 -0.90136436358091354
0 S499 0.34973077935047031 1.3450091685626777
0 S500 -1.3099590377580446 -0.39890654649222607
0 S501 0.41933070863951699 1.3501811344110775
0 S502 1.0073682570768863 -0.96259702691207039
0 S503 -1.3855641364959257 -0.25835816914547072
0 S504 1.1278229331488168 -0.95520100521456897
0 S505 0.48215777857216097 1.467971499895361
0 S506 0.38233536989129518 1.3575119901714019
0 S507 -1.3968440471782819 -0.37506609914056449
0 S508 0.88950174880815014 -1.0328259624356984
0 S509 1.0304098470771177 -1.0582016124238212
0 S510 0.37892565503458414 1.462989474152413
0 S511 0.99682697534963371 -0.97822590787023711
0 S512 0.90529716493177115 -1.0139449599813868
0 S513 -1.3150819925492951 -0.29280468283505473
0 S514 0.3657125369883778 1.3671645139249233
0 S515 1.0059657508494966 -0.92100267117984602
0 S516 0.37803885941153875 1.3926556639511896
0 S517 0.37558606149038753 1.3858551495932421
0 S518 -1.4183164161193818 -0.37684025304307017
0 S519 -1.3784254106308622 -0.38462706414021813
0 S520 1.0302711712884027 -0.98317401451162101
0 S521 0.89507266734416224 -0.96708408594981121
0 S522 -1.1746174248697425 -0.31169124058379927
0 S523 0.96776875008588559 -0.98852802301642806
0 S524 0.36838740344420418 1.3501815166397533
0 S525 -1.4140221547169587 -0.33007198708678304
0 S526 -1.3692879786073908 -0.27697478503198253
0 S527 0.35649706535019032 1.4492288948395564
0 S528 0.4017930486373828 1.4027283362485068
0 S529 -1.3359676325797436 -0.35918417559364868
0 S530 -1.3227570112365077 -0.35139879623925585
0 S531 -1.4028009828867998 -0.31227965363980698
0 S532 1.002156604922815 -1.0171795232651994
0 S533 1.0132742091122684 -0.97679117830294071
0 S534 0.3373296952968684 1.3113906967802422
0 S535 0.43672447245000495 1.4160009681093837
0 S536 -1.438015935897798 -0.32604477168171331
0 S537 -1.3058182205182765 -0.33793362434789748
0 S538 0.35880738631809272 1.3055714895286905
0 S539 -1.3244486649004157 -0.2706605515803775
0 S540 0.92262642583661847 -0.98874844627298464
0 S541 -1.4294818968220264 -0.34021353245493602
0 S542 0.97883675234976486 -0.99617746800028495
0 S543 -1.344437379427522 -0.38525460206059636
0 S544 0.36859183309811244 1.404702318360042
0 S545 -1.3349465948543131 -0.35964930501822034
0 S546 0.3823344240545194 1.3643100996427604
0 S547 0.91445652154398616 -1.0035176982119569
0 S548 0.37075397179384001 1.3709824517293581
0 S549 0.46121585050259867 1.4555237385673911
0 S550 -1.4098774481050245 -0.28590553606210656
0 S551 0.4135435458317846 1.379322411059972
0 S552 0.98193603014189434 -1.0413950967948005
0 S553 -1.3522514299914026 -0.28857293596329647
0 S554 0.94963866107654782 -1.0083120077962267
0 S555 0.90751121604094431 -1.061080073062403
0 S556 -1.3627712801044325 -0.24235366936272798
0 S557 1.0130428135848504 -1.0107855710332092
0 S558 0.47003101286521282 1.3160023062759998
0 S559 -1.3175198382802269 -0.27868512007659646
0 S560 1.0340438729516614 -0.95467237656014037
0 S561 1.099222252587911 -0.96679070836824432
0 S562 0.46264570429431501 1.3448109053205184
0 S563 -1.3043902313341653 -0.34762836498527927
0 S564 0.95661883681101068 -0.99645046829889716
0 S565 0.92953018060324777 -0.88729128236012678
0 S566 -1.2752286864205102 -0.33837410156691933
0 S567 0.42532355555110807 1.4409965995334884
0 S568 0.45023574182317377 1.270843495733238
0 S569 -1.3682558164367424 -0.32726769428461994
0 S570 0.37738456879941001 1.4120002637715923
0 S571 1.016761135612448 -0.97890839672852215
0 S572 0.35136997328949082 1.3105941741467777
0 S573 0.99758986065319621 -1.021681107902273
0 S574 -1.3104870187980058 -0.35387107332128731
0 S575 -1.3819722651745536 -0.37240093235880045
0 S576 1.0190460196800435 -1.0485945657900875
0 S577 1.0263236215009952 -1.0034120673224209
0 S578 -1.3378874891476229 -0.36015943554432517
0 S579 1.0015841678337818 -1.0161908282964469
0 S580 0.42170388742958087 1.4470025716285553
0 S581 0.48530764526479903 1.4184248673999718
0 S582 -1.3438762041566286 -0.31371750893764105
0 S583 0.37591222945693931 1.3896054765016776
0 S584 0.94066465746758221 -1.0058218451510836
0 S585 1.0342197872863241 -1.0055068225491774
0 S586 0.38154439163650089 1.4142445196424227
0 S587 0.52201291458252841 1.3526143584579384
0 S588 1.0169988963001311 -0.94171941724636854
0 S589 0.4082619259762636 1.455463551461373
0 S590 -1.3892762175595326 -0.37641463760973337
0 S591 0.48728310883319198 1.3541503399273005
0 S592 0.43147711907364039 1.4397743071387281
0 S593 0.40984704574787945 1.3919953908303133
0 S594 -1.3706303580411425 -0.30246283720573081
0 S595 0.421641687184792 1.3498012789744296
0 S596 0.4589998500242316 1.3910623962162594
0 S597 0.50494573832026501 1.4184237912350961
0 S598 -1.3538053665822873 -0.35799046482668723
0 S599 -1.4539107077746654 -0.38705690815606569
0 S600 0.8736011831060555 -0.94118495748052922
0 S601 -1.3543916645679335 -0.36375942816622342
0 S602 1.0164041481712096 -1.0167190508011861
0 S603 0.88868595678963724 -1.0083623371975221
0 S604 1.0257496676121525 -1.0010075213327176
0 S605 -1.3401537852824843 -0.30903110389245197
0 S606 0.98531298587261928 -0.96588816339949446
0 S607 1.0024357971801259 -1.0532415780532798
0 S608 1.0174159458435428 -1.0227318858554841
0 S609 1.0272379386134838 -1.0202373319211453
0 S610 -1.3875931350149107 -0.32322947169027433
0 S611 -1.2947450896186639 -0.39454285980655851
0 S612 1.053667690540298 -1.050893531187906
0 S613 -1.3370707731615517 -0.41227839968480251
0 S614 0.34215811760557885 1.4515644447002489
0 S615 -1.2799558894524783 -0.38300362278037509
0 S616 1.0486421165595499 -0.92615569247354068
0 S617 0.98556987324931977 -0.95774519447057971
0 S618 -1.2754238909485793 -0.23101066763672159
0 S619 -1.3710715413226406 -0.30269701678109889
0 S620 -1.3982595021338264 -0.37312949188265948
0 S621 0.46211369225153232 1.3486372024530835
0 S622 0.97573734983174321 -0.98765681681435413
0 S623 -1.3129114821144381 -0.38257147426001825
0 S624 0.97106048878949336 -1.0738138874522942
0 S625 -1.3550066242780816 -0.35608925294021404
0 S626 0.98401953955500798 -0.9812344436440964
0 S627 -1.3668820505778221 -0.31473069715343505
0 S628 0.47106215305184779 1.4367722941930796
0 S629 0.35101071433986603 1.3768403429077805
0 S630 -1.5058419142851418 -0.29992066824414632
0 S631 1.0985814834391214 -1.0078837919010266
0 S632 0.99910549671095727 -0.99504196819124646
0 S633 0.96171413140306306 -1.0481276477551986
0 S634 0.33098643217573082 1.3815446187288114
0 S635 0.46789246098115622 1.4394334505816309
0 S636 1.0460527330475176 -1.0241078635591074
0 S637 1.0093689830758446 -1.0170602261663715
0 S638 -1.3478743555381527 -0.27763495826211126
0 S639 0.40119231537878175 1.3610728853248122
0 S640 1.0183047608734623 -1.0219517057276717
0 S641 0.96529768105671343 -0.96500838527678212
0 S642 -1.2981944124039897 -0.31298822912820012
0 S643 -1.3483383644071132 -0.30852745451863323
0 S644 1.0018556422391043 -0.92923014403931403
0 S645 -1.2890924353856366 -0.28490141259565227
0 S646 0.41185613914768388 1.2832403755089719
0 S647 0.40414293858888811 1.3848933274452255
0 S648 0.30947685524084417 1.3715554134166354
0 S649 0.41517628433517706 1.4541402811982764
0 S650 0.42420670728016968 1.4260783635193779
0 S651 0.9131020886796809 -0.98401860733117053
0 S652 1.0089470493237758 -0.98415276805112872
0 S653 0.97863138066633282 -1.0708216402856789
0 S654 1.0205498949083827 -1.0584626874652188
0 S655 0.42686505100908267 1.3250519162520338
0 S656 0.46847473063218342 1.3626874512944034
0 S657 -1.2417263040286839 -0.39772642377756218
0 S658 0.38618484784549373 1.436983842694189
0 S659 0.9792957163914302 -1.0793060885787242
0 S660 -1.3628955568971552 -0.21430787822992611
0 S661 1.0837587882799511 -1.0416494685877435
0 S662 1.004525516285969 -0.96598160688096857
0 S663 -1.2679555803046039 -0.38120654948645544
0 S664 0.96683903705654362 -0.9560509027600671
0 S665 0.43011915537487333 1.3546935616835241
0 S666 1.013059353282185 -0.9755725782247634
0 S667 0.52126399517295019 1.3661708043663019
0 S668 0.39800979682610843 1.3863314812544898
0 S669 0.38853877346141924 1.3775773290064499
0 S670 -1.3524337689716488 -0.31964193512268185
0 S671 -1.4138421489475892 -0.41417429772065245
0 S672 1.0586878331628244 -0.98421092591539605
0 S673 -1.2536834651290638 -0.24368475330356598
0 S674 0.96370334905905508 -0.96649903350495747
0 S675 0.3849977031687557 1.3623808566622555
0 S676 -1.2870808066880206 -0.28788477148943026
0 S677 0.36328200561164131 1.3721751163722644
0 S678 0.46503526420831837 1.3099264201492054
0 S679 0.98475164946462879 -1.01942291376797
0 S680 -1.2082770798846292 -0.39662699387163602
0 S681 -1.2782950379374252 -0.21415223824769297
0 S682 -1.2933958832540795 -0.37477649237078897
0 S683 0.36062388087427522 1.3872414596262665
0 S684 0.94817499472141198 -1.0516952232189736
0 S685 1.0141894017898321 -1.0386955773314264
0 S686 0.38745067065416278 1.3909746779291698
0 S687 -1.4018030026191355 -0.42705879754424453
0 S688 0.41596300077239068 1.4322229216158655
0 S689 1.0523356077422781 -0.95935827923265782
0 S690 0.38471576558161474 1.3606634810828044
0 S691 0.49838595660488827 1.407593945465984
0 S692 0.9257876007805399 -0.92252741268142069
0 S693 0.39129131409082452 1.3398608476875555
0 S694 0.41577761581435702 1.468075921069929
0 S695 0.52471514092255678 1.3629168566692147
0 S696 0.36919212904713267 1.3040441763942685
0 S697 0.33983318911600358 1.3881710481158289
0 S698 1.0294262457629157 -1.0242638347277535
0 S699 -1.2892964158997764 -0.40923434324102209
0 S700 0.39067309012946266 1.3619518157114401
0 S701 -1.365771581365006 -0.39370520030145689
0 S702 0.90887158018598113 -0.92276623209969355
0 S703 0.32168904183827457 1.3843832259527631
0 S704 1.0208306729762011 -1.0403311022646715
0 S705 0.53847855761122343 1.3952825371407604
0 S706 0.33049094856477579 1.4316473221993464
0 S707 0.34780631199602602 1.3521044525539399
0 S708 0.96277433531871393 -1.0229850798788109
0 S709 0.50793791515819942 1.5325434986517403
0 S710 0.4331638433538933 1.3568968934728185
0 S711 1.0671962354241873 -1.075525364227164
0 S712 0.5026615530885673 1.4212636171177975
0 S713 1.0151766034518999 -1.0684022030100797
0 S714 0.41159241857428153 1.4018348691403912
0 S715 0.99977329371086865 -1.0081501759361213
0 S716 0.94313341523354088 -1.0413577075697298
0 S717 -1.3036038483687378 -0.35429928956884382
0 S718 0.9686875204413864 -1.0496114648632904
0 S719 0.38919054416226595 1.4010496867001765
0 S720 -1.3589356432797792 -0.35222057092800252
0 S721 0.33768444280983018 1.3368808727967996
0 S722 -1.2562635203680617 -0.30163924566588246
0 S723 0.37515604486158255 1.455739978573078
0 S724 0.95377634032428116 -1.0688385063481001
0 S725 0.94870095238031038 -0.95674696011034932
0 S726 0.94892490135639784 -1.0733837929999612
0 S727 -1.4608132628561159 -0.34610476847461519
0 S728 0.99233763127102492 -0.98514392985823873
0 S729 0.98352399209630248 -0.9253769717837409
0 S730 0.3700491364970831 1.4458706610961261
0 S731 -1.3486802487591223 -0.43023725928203421
0 S732 -1.400984357156682 -0.41888164782066822
0 S733 0.40970509072475531 1.3450413871134703
0 S734 0.37741302713420061 1.4699712516394914
0 S735 0.88380253356611527 -0.94433810038535082
0 S736 1.028523930096034 -0.98553095524608658
0 S737 0.99617881158929178 -1.0245190657139289
0 S738 0.38475559668278336 1.448664938203031
0 S739 0.43057591149437224 1.3753794737417573
0 S740 0.38838221749459551 1.5339560783506603
0 S741 0.40307710178382711 1.4359926720567788
0 S742 -1.2974721956051245 -0.33584459472954242
0 S743 0.97515012076720331 -1.022185626767079
0 S744 1.036994281991392 -0.99821736558415253
0 S745 -1.4690203419208048 -0.35965479441344161
0 S746 0.92385075158725316 -0.92177997804385081
0 S747 1.0020003122219938 -0.97306748897873629
0 S748 0.98963365032391093 -0.94160240040287668
0 S749 0.3905820965444724 1.3901722494208406
0 S750 0.9880086676617057 -0.98435011335379685
0 S751 0.3717100311139635 1.4170605523098425
0 S752 0.3752983453944902 1.3545755356386557
0 S753 1.029662673079315 -0.96271663085146608
0 S754 -1.300343617272514 -0.31632127907823154
0 S755 -1.3037513404686305 -0.3453266530078879
0 S756 0.4653201718539961 1.3529569288684373
0 S757 -1.2993148398878183 -0.34795022167596307
0 S758 -1.3916447989814498 -0.40036065867438958
0 S759 0.41658772907938407 1.2781913793977659
0 S760 -1.2806084964616686 -0.28259923804563658
0 S761 -1.3668184854165064 -0.37207348707975618
0 S762 -1.3531549179031144 -0.26015721059268443
0 S763 -1.3195790132048053 -0.30644136989369508
0 S764 0.36728089025467486 1.3771693356419554
0 S765 0.9158290392913363 -0.95683865409085755
0 S766 0.44739739539254453 1.3970329597423534
0 S767 0.49129589600566331 1.4013437657458259
0 S768 -1.342337722813334 -0.29773834453777887
0 S769 1.0531602447035864 -1.0729534809429155
0 S770 -1.2732388969357815 -0.40051585031305803
0 S771 0.51658786918776978 1.4429572224390721
0 S772 0.35232392778093624 1.2827225586896573
0 S773 -1.271081428858861 -0.28506891577627186
0 S774 1.0291203725767721 -0.99009146267302761
0 S775 -1.3717505947156183 -0.38071168665402827
0 S776 0.36658884826601096 1.4279351712620052
0 S777 0.43057494622707515 1.3355624381834386
0 S778 -1.4843983236171328 -0.32154411551761847
0 S779 1.0361701854369691 -1.0131891842464449
0 S780 0.94856062360737547 -1.0017237805151564
0 S781 0.26705017706046985 1.4155964541098993
0 S782 -1.2629797361436417 -0.38028244517221521
0 S783 1.0360308727630003 -1.0835458378505174
0 S784 0.38971212911729469 1.4296268698334884
0 S785 -1.3877558028420074 -0.34182917089287274
0 S786 0.42080498358041113 1.3642820858489799
0 S787 0.98038714352630618 -0.99517652880867669
0 S788 -1.3582532119912285 -0.39518061844613783
0 S789 0.99397098967837771 -1.0274427956001315
0 S790 0.35460374702855163 1.2946160076056377
0 S791 0.36784197027879278 1.3347166626970219
0 S792 1.0115724743152934 -1.0816588356717249
0 S793 0.9501162913537512 -1.0631183269992346
0 S794 -1.356087851981147 -0.36843943770931747
0 S795 -1.3913847052229491 -0.32716277365404384
0 S796 1.0286759657784663 -1.0088617415755918
0 S797 1.0636807127023935 -1.0138460488473271
0 S798 0.45511353158680085 1.3373436635965257
0 S799 -1.3401462412950866 -0.3678279435327067
0 S800 1.0493018287859297 -1.1336120281972
0 S801 -1.2789047380678429 -0.32056430716693701
0 S802 -1.3282172438605648 -0.32480326666496318
0 S803 -1.3171456994030892 -0.30822161934099429
0 S804 0.46939573805847007 1.3889986171043436
0 S805 1.0729109921916886 -0.95565870280453635
0 S806 0.38477669520759844 1.3921928579320597
0 S807 0.48239480551752173 1.477720718162943
0 S808 -1.168205788991985 -0.3077056665438489
0 S809 0.9537949147634287 -0.96891981437121233
0 S810 0.35986470588640773 1.4285057546576936
0 S811 1.0084290147959978 -1.0695515248325624
0 S812 0.93421511532710488 -1.0721329124370913
0 S813 -1.3198579291580874 -0.29040747019177482
0 S814 0.95414556361377179 -1.0178377700090335
0 S815 1.0626727725781551 -1.0655723040637668
0 S816 -1.4042249706819094 -0.27238652418798481
0 S817 1.0641401268935791 -1.0366464081700215
0 S818 0.39680724844326332 1.4318078011591004
0 S819 -1.3502125593590824 -0.32215744937051682
0 S820 0.51773581095128796 1.336734421590309
0 S821 0.94503360808262016 -1.0164091803906905
0 S822 0.89450292049839619 -1.0147724199021892
0 S823 0.4753787193083987 1.3873025585268803
0 S824 0.96816436990345367 -0.99407985959932765
0 S825 0.3926501573503603 1.427362795189143
0 S826 1.0139079050475337 -0.99526707192605923
0 S827 -1.3488355404241099 -0.38976116349800582
0 S828 0.98359403285365232 -0.9541145642746639
0 S829 -1.3943460722958905 -0.28707088096862149
0 S830 -1.4781591930830789 -0.31483410210345675
0 S831 1.046623445176867 -0.96694333854512982
0 S832 -1.3492852791089387 -0.3251575620201772
0 S833 0.48612852931711292 1.4179906778439164
0 S834 0.45135213268414803 1.4173007536350957
0 S835 0.95788082218672677 -1.0124068749275994
0 S836 0.34908227582898549 1.4307515089450353
0 S837 -1.3314517968458994 -0.35311368049027941
0 S838 1.0126882684212422 -1.0711221401725455
0 S839 0.98488078815968005 -1.0048520879134351
0 S840 0.4745295956875355 1.3124287888005934
0 S841 -1.2845469460119443 -0.48073982901839701
0 S842 0.96043978237507965 -0.99779526408772545
0 S843 -1.3790280270177557 -0.32285540534894908
0 S844 -1.3714834646482075 -0.40325478082051358
0 S845 -1.3045891110041301 -0.31163793529879114
0 S846 0.40469285892805018 1.4005015557595437
0 S847 1.0335008788406468 -1.0069584535328298
0 S848 -1.3556246833426533 -0.39460809599114605
0 S849 1.0765726484099007 -1.0579515317548669
0 S850 0.4242704945401487 1.4176557259917444
0 S851 1.0166769736097989 -0.9691091880110938
0 S852 0.43790852652098317 1.4016464001218507
0 S853 -1.3882355137599136 -0.33321815827713558
0 S854 0.40846876611777627 1.4140750687247226
0 S855 -1.4266761504253407 -0.39251187349494809
0 S856 -1.2850167190711412 -0.35052522314747414
0 S857 0.97123429932241601 -1.0249932686798575
0 S858 1.0597264103010942 -1.0218406996327261
0 S859 0.46212707953622123 1.3198600535039142
0 S860 0.95929482783577547 -0.98881182390169919
0 S861 0.36797723522315218 1.3736537019153761
0 S862 -1.3110722858214627 -0.39283401409555496
0 S863 0.4142766609529695 1.3290600974778017
0 S864 -1.3255941820421584 -0.27445307031183247
0 S865 0.40696703887310159 1.402273394444292
0 S866 -1.3846949071800496 -0.2973656523571156
0 S867 1.0173533968630033 -0.94169046895190589
0 S868 0.35822643817101074 1.4076534535504364
0 S869 0.41690005248339262 1.4387218186969435
0 S870 -1.3150399322433712 -0.33013517797471043
0 S871 -1.2592844611711793 -0.22190907821259842
0 S872 -1.3321365642784877 -0.30770320720084948
0 S873 -1.3321665693192259 -0.33382474800751888
0 S874 -1.370502732315332 -0.35867101088608278
0 S875 0.4388402307385933 1.3823379121346822
0 S876 0.99108760088286885 -0.96728457699279036
0 S877 -1.3588262791834671 -0.38049163292188887
0 S878 0.33460931930864674 1.3117701428846067
0 S879 0.28722154582826559 1.3632235750788426
0 S880 -1.3630259984487796 -0.28474548277919604
0 S881 1.1254379965429173 -0.9399575113108648
0 S882 0.85196804224845701 -1.0526334622790665
0 S883 0.99703805336253593 -1.0278264961524137
0 S884 -1.2797440037221508 -0.26340524848606794
0 S885 0.98507346899873305 -0.90529449950327534
0 S886 0.98041201618256513 -0.95356611873388675
0 S887 0.36625682197817488 1.3869690586853889
0 S888 0.41288111007855627 1.3278517708272588
0 S889 -1.4057815611607531 -0.35148827081760348
0 S890 -1.3512739314669784 -0.41147900369892826
0 S891 1.0321336886509067 -1.0767007146841321
0 S892 0.93533378903693964 -0.97951808738555834
0 S893 0.94570737547302886 -1.0612802759505779
0 S894 1.0757446272147519 -0.99864339083375298
0 S895 -1.241779078843424 -0.29117351820256426
0 S896 0.97796088932372638 -1.0160085436536497
0 S897 0.4718096512331626 1.3585018057500398
0 S898 0.34009840238071903 1.407639151752003
0 S899 0.42656628147156472 1.4152821125358153
0 S900 1.0276527083901759 -0.96562280960150981
0 S901 1.0072987310553361 -0.92665142570872638
0 S902 1.0338193260462254 -0.9697617321659574
0 S903 -1.4247044605193622 -0.34339096465220587
0 S904 -1.4241677442924257 -0.32423156570972361
0 S905 1.0594998408423149 -0.94244903076710929
0 S906 -1.2765300775112629 -0.29719063494882259
0 S907 0.3881750899297125 1.3703279229810867
0 S908 -1.2882578749593772 -0.36158178782772171
0 S909 -1.4631659689855232 -0.26600290766983936
0 S910 0.98960040300361074 -1.1098715290782455
0 S911 -1.3304847510894453 -0.29559768889519134
0 S912 0.42583020268245669 1.4100255099261636
0 S913 0.33060674607511603 1.4190215703146456
0 S914 0.91932349468616681 -1.01490476601882
0 S915 0.39035978229407742 1.2783792791723418
0 S916 0.9938907923644219 -1.0795700696624431
0 S917 0.40015881262843128 1.3765527722973008
0 S918 1.1078742084855118 -1.065596653683236
0 S919 -1.3409699011367484 -0.3258480131963738
0 S920 1.0301298575121078 -0.90964828769840533
0 S921 -1.3785316249979653 -0.25818244035066679
0 S922 0.96231487370814628 -1.0489018131087797
0 S923 0.34746066478276361 1.4653143442768541
0 S924 0.33687829548637077 1.4133293997787773
0 S925 -1.3581806128444038 -0.34635411023772605
0 S926 -1.3077679951285863 -0.30110584261564477
0 S927 -1.3439458048131012 -0.33996508083762539
0 S928 -1.3507657953040479 -0.27821457166960062
0 S929 0.97948706416219056 -0.97875765603469012
0 S930 0.33669375101270893 1.3624906831620733
0 S931 -1.3682934922915075 -0.30455523714612637
0 S932 0.35841588593910234 1.3802231971052583
0 S933 0.40062853902773793 1.4181482353804427
0 S934 0.42586571603917572 1.4071132884877158
0 S935 -1.407852126113212 -0.2629651396072184
0 S936 -1.3124438237209344 -0.35084071278680623
0 S937 -1.2868208522254097 -0.28883106389385377
0 S938 -1.3361726047465432 -0.35433513052054411
0 S939 0.39115632527172151 1.4031146461367381
0 S940 0.51754212967521818 1.3672984381067828
0 S941 -1.2293718997680447 -0.33937853017061709
0 S942 0.30671762511588768 1.3927325921243379
0 S943 0.99154827065248774 -0.97125319093577689
0 S944 0.45645802111275474 1.3486338009738017
0 S945 0.92029307206857902 -1.0114244459655586
0 S946 -1.2900033103257134 -0.29215049471687088
0 S947 -1.3472319795535239 -0.41725713448119706
0 S948 0.40154726592774992 1.3795830088037133
0 S949 1.0436553077144166 -1.0409858583154326
0 S950 -1.2697998002771109 -0.25678520808361199
0 S951 0.98943338279638005 -1.015669263093036
0 S952 0.45862561593892076 1.310566351382247
0 S953 1.0788299898851239 -0.94044806220935206
0 S954 0.34204023628586344 1.3733860668531617
0 S955 -1.3399438721856416 -0.37786994656348893
0 S956 0.96618463983549108 -0.90616362288406593
0 S957 0.97844114374639679 -0.97884710445566414
0 S958 -1.3246370326674792 -0.35805395782077037
0 S959 1.0113524765413859 -0.98297720319861603
0 S960 1.0076882271773728 -1.1151269832646546
0 S961 -1.3752227253786096 -0.30883115119063126
0 S962 -1.2823714970825013 -0.26751917194286234
0 S963 -1.3472412924334012 -0.37989374187431624
0 S964 0.91334280092510667 -0.96162189128386555
0 S965 0.32865708568989194 1.442493223384782
0 S966 -1.3867492390188616 -0.39590795285669272
0 S967 -1.3584111224840869 -0.31134067487681072
0 S968 0.98372103557217949 -0.94990712898920415
0 S969 1.0039193509787407 -1.0008615469528619
0 S970 0.96912077619531356 -0.96296512892865516
0 S971 1.0178627088155925 -0.92881613801398855
0 S972 0.98358720093621876 -1.0291814438668032
0 S973 -1.3124433563203051 -0.31257769792178769
0 S974 0.31896364190211679 1.4177152171606535
0 S975 0.46846100906954091 1.4407877219195904
0 S976 0.94031304071137001 -0.95762618079027229
0 S977 0.94634947732966979 -1.0301454927679616
0 S978 -1.2958477970344469 -0.38148125084225537
0 S979 -1.2943861853949394 -0.32501633698219856
0 S980 -1.411183525867491 -0.43257759579633809
0 S981 -1.3791054470744593 -0.23503331266760596
0 S982 0.41605599355583656 1.4037286287183619
0 S983 -1.3383392469888207 -0.33589733990629139
0 S984 -1.3407207769307918 -0.37554245148708854
0 S985 -1.4299837732507519 -0.361181579597814
0 S986 0.31796882965162776 1.3805776901060778
0 S987 -1.3223775906006272 -0.27957694292012231
0 S988 -1.3171042599527139 -0.27248172006910948
0 S989 0.32353301630204268 1.445496766090884
0 S990 0.39283073237115218 1.363014783598065
0 S991 1.0267226979735182 -1.0573638204903584
0 S992 -1.4171026717044615 -0.25570990686529993
0 S993 0.99290838479576293 -0.94987884785021992
0 S994 -1.3886417722866464 -0.30227778592945664
0 S995 -1.2663119168657224 -0.42238272110538305
0 S996 0.41960554069357747 1.3137020691674803
0 S997 0.87664758551347666 -1.0302907799582044
0 S998 0.44025581800853003 1.3665782815515686
0 S999 0.36187152962543934 1.3188938055492763
0 S1000 -1.3186568488232688 -0.32577493342806929
0 S1001 0.40270767260173407 1.3701713382681344
0 S1002 0.9856964069373062 -1.0079432482743067
0 S1003 1.0494155312568498 -1.0658923052644502
0 S1004 -1.4127202068976337 -0.28281901538093784
0 S1005 1.0296391434483332 -0.89951977767382363
0 S1006 0.96906890831718406 -0.98969591268727986
0 S1007 0.99543022886297527 -0.95526203804099274
0 S1008 0.42254947454929942 1.3434209799360946
0 S1009 0.36999271304015074 1.2983088052213061
0 S1010 1.0291140332698498 -1.0353277872745228
0 S1011 1.0603920979556407 -0.95613626865936352
0 S1012 -1.3182078482025406 -0.20416376863204919
0 S1013 -1.3236268911221909 -0.3018236765711878
0 S1014 0.99196322220371946 -0.9656990782459326
0 S1015 -1.3084303736725078 -0.38282209501286857
0 S1016 -1.3485290520608018 -0.36833939948181565
0 S1017 0.9651351356028941 -0.98397703736599007
0 S1018 0.46587590233603848 1.4774763834471163
0 S1019 -1.3316775437099313 -0.32555408302971106
0 S1020 0.34936425020113532 1.3599724156008481
0 S1021 -1.2633304691515488 -0.24997497273515717
0 S1022 1.0340025506558763 -0.96288839350364808
0 S1023 0.99208652808869957 -1.046533664717
0 S1024 -1.3630709792543416 -0.30498151327182654
0 S1025 0.40460471361013328 1.3320321581592609
0 S1026 0.37554657880966286 1.3946393972906779
0 S1027 0.99806193304848667 -1.0163089503992657
0 S1028 0.98800512635610327 -1.093522005033726
0 S1029 1.098936086234612 -0.93988715219895547
0 S1030 0.36850350166131096 1.4192379886374293
0 S1031 0.2974122984346308 1.3825820662882293
0 S1032 0.43440646874276789 1.4525242526334241
0 S1033 1.0036631139137473 -1.0339860407958432
0 S1034 1.0699734573865691 -0.94091523529945376
0 S1035 0.98818746049684281 -0.96190301889243857
0 S1036 0.93924253219846909 -1.0351774511099034
0 S1037 -1.2951832584069962 -0.35067668109493716
0 S1038 -1.3169993206539703 -0.39069637048860756
0 S1039 0.91905611920460617 -1.038110568456694
0 S1040 -1.2757786579690189 -0.35502315464255368
0 S1041 1.050708773693922 -1.0064999026206665
0 S1042 0.46226324763247195 1.3441671309516459
0 S1043 -1.3178228030005257 -0.35482805450778443
0 S1044 0.36576404367659587 1.391721376186235
0 S1045 0.43490063114490324 1.3524999537721871
0 S1046 0.37872283468394502 1.4158987217132932
0 S1047 -1.3762099216373918 -0.35387600228557953
0 S1048 0.97951443026449814 -0.99936319131389251
0 S1049 0.92643518218428311 -0.94870473166821756
0 S1050 0.36407640722906287 1.4177737956878018
0 S1051 1.009600569570348 -1.0029578399085626
0 S1052 -1.4187546077399258 -0.3433315702719999
0 S1053 0.42081242443506373 1.3662967165189839
0 S1054 0.32646092817384953 1.3847407406340484
0 S1055 0.44528208237587613 1.4247691922059289
0 S1056 1.0686893230568657 -1.0191208021731035
0 S1057 0.94845986802665849 -1.0620593178091029
0 S1058 -1.3635028776380085 -0.29417601460622633
0 S1059 0.41176043287265607 1.4335504038548372
0 S1060 -1.3550480728983791 -0.39036168485430456
0 S1061 0.34399163969853297 1.5178889058125442
0 S1062 0.3940855368220465 1.404869605599951
0 S1063 0.98227128863193847 -0.97798385348046346
0 S1064 0.90895524687455387 -1.0630686651022399
0 S1065 -1.4005639994337287 -0.32212237226457968
0 S1066 1.0707952518454744 -1.0321475526214785
0 S1067 0.97635285159030183 -1.0631984926686451
0 S1068 0.43392190543783365 1.3493822844654595
0 S1069 -1.3981666676413993 -0.21220940420623441
0 S1070 0.5295292539851808 1.3750638905467643
0 S1071 0.40145173654920996 1.2570727757876845
0 S1072 -1.2647578475091128 -0.3329599471183739
0 S1073 -1.4074665900500414 -0.24226176024609197
0 S1074 -1.3255219244546266 -0.30108057118199916
0 S1075 0.52598148613287299 1.4614086302950342
0 S1076 0.96711152858637406 -1.0685595646732498
0 S1077 0.43292859882538065 1.3373660185328462
0 S1078 -1.4329545053367312 -0.30918679922221987
0 S1079 0.9125178207313126 -0.99416037285843561
0 S1080 -1.3263085251228637 -0.30797013451394961
0 S1081 1.0346107379620144 -0.9696125553498206
0 S1082 0.9741633550462816 -0.99699740117005065
0 S1083 -1.215117585447665 -0.39158745159558211
0 S1084 0.35187787310617014 1.2771196700750589
0 S1085 -1.3543767564385913 -0.41986240459618918
0 S1086 -1.2884756491678084 -0.36469483502225419
0 S1087 0.39921348588850936 1.3509022214541868
0 S1088 0.32865233810955302 1.3455891702552099
0 S1089 -1.3426852181791478 -0.35459685371522931
0 S1090 0.96675668945359838 -1.041451673238639
0 S1091 -1.3168492909879328 -0.42334928621340101
0 S1092 0.39605678685246742 1.3928041214239957
0 S1093 0.33830839309085081 1.3632739009016068
0 S1094 1.0061168721439024 -0.99160554635816778
0 S1095 0.99481405004595813 -1.0134851336830717
0 S1096 0.47460889385220534 1.3625358804650154
0 S1097 0.97681322279160998 -1.0350340163471246
0 S1098 0.46123929980762657 1.3708668261375454
0 S1099 1.0546319196856997 -1.0179146361010349
0 S1100 -1.3969482069230432 -0.34815648749774147
0 S1101 -1.3130250629904621 -0.26239646948723833
0 S1102 1.0005549856503668 -1.0115982593760091
0 S1103 0.34232651554308657 1.3024941737179252
0 S1104 0.96424631556739759 -1.0615263903113759
0 S1105 -1.4517882345588156 -0.30576120436588738
0 S1106 -1.2825771581726733 -0.34656199688088757
0 S1107 0.36268981767577879 1.4745259212423727
0 S1108 0.96864373597710129 -0.92782096274259729
0 S1109 0.9303101818032079 -1.027655269408281
0 S1110 0.39790261068199378 1.3804142245680906
0 S1111 -1.3751894518213525 -0.39437878476410138
0 S1112 1.0113355620818185 -1.0632290770381962
0 S1113 0.49071146683835859 1.352495626491679
0 S1114 -1.4191080136663397 -0.32271968291020686
0 S1115 -1.3779447576070618 -0.31787208946336964
0 S1116 0.37829840888133431 1.4278935228154381
0 S1117 0.37182316555091627 1.4078226771924227
0 S1118 0.98169000275145057 -0.92827950522382241
0 S1119 -1.3060402381655032 -0.44130695745948251
0 S1120 -1.4060729675351595 -0.2858838821991373
0 S1121 1.062654511132012 -0.91861049332619737
0 S1122 1.0279655609483564 -0.98203473447233169
0 S1123 0.44028155884776565 1.4560448242931818
0 S1124 -1.3505716039388542 -0.35210569249001811
0 S1125 0.32465595255127067 1.2891480006924938
0 S1126 0.41260481335832883 1.3672809754954178
0 S1127 0.43248136123455283 1.3407328926296067
0 S1128 1.0074643503903056 -1.0425690932115943
0 S1129 -1.3617448760449791 -0.36229919266127564
0 S1130 0.99314111453668175 -1.0933873861473418
0 S1131 0.43065381014389653 1.3763229302612234
0 S1132 0.99771357737170674 -1.0512889572872433
0 S1133 0.45068698934934981 1.4099620351484812
0 S1134 0.36854591832658773 1.4224559535263621
0 S1135 -1.2517811178088589 -0.21396603582787183
0 S1136 0.9493214562981771 -0.93617762380776226
0 S1137 0.38537215188569157 1.3507866749030846
0 S1138 0.95271108415027062 -1.0633325532863847
0 S1139 -1.4195477835508439 -0.36074282739951513
0 S1140 0.36309873994355529 1.4814272627356337
0 S1141 0.44204164001085511 1.4563790658989344
0 S1142 -1.3395876789144112 -0.35862357470952916
0 S1143 0.38106164277168236 1.4652237640325609
0 S1144 0.38786057150718622 1.3943279885173152
0 S1145 0.31785879632767194 1.4417607252065601
0 S1146 -1.3093891815858543 -0.37633542466465825
0 S1147 -1.3291728823421096 -0.28705836981905103
0 S1148 -1.367356958310092 -0.37249597952564584
0 S1149 0.41520572273664186 1.3882269315693123
0 S1150 -1.4341041035711632 -0.42238869109126964
0 S1151 0.91634414805844788 -1.0234953046320805
0 S1152 1.0335946464931958 -1.0427531016407567
0 S1153 -1.4621366425005782 -0.38053281718544918
0 S1154 0.3896528773277052 1.5353075867639785
0 S1155 -1.3339634152617705 -0.30192071082673533
0 S1156 0.3495098473126414 1.4027986402922261
0 S1157 0.94763218534395843 -1.0144668043904166
0 S1158 0.39748458371405937 1.4005395994125989
0 S1159 0.36085913191974422 1.4992806455152381
0 S1160 -1.3516817156542937 -0.39926214919668696
0 S1161 1.0377989326253854 -0.94327296294783658
0 S1162 -1.3737524429015204 -0.40584957922009091
0 S1163 -1.3702218169736489 -0.34409504243701078
0 S1164 -1.4351040363717757 -0.32246770513104928
0 S1165 0.96356101304639263 -1.0349395133840065
0 S1166 0.45906842533592368 1.3336030634155451
0 S1167 -1.3810399484505205 -0.33408296709338264
0 S1168 0.3435810312116514 1.3902576732320848
0 S1169 0.92545170898743323 -0.94647136040725466
0 S1170 0.42587351700260995 1.3546636181490135
0 S1171 -1.3271145677687297 -0.31119136988792778
0 S1172 0.92125236942017963 -1.0759022483791738
0 S1173 0.38160969644653164 1.3500188783287648
0 S1174 1.0180986257079674 -1.0067498030021611
0 S1175 1.011182047712974 -1.0397592342133233
0 S1176 0.38867319939102218 1.4424642539796269
0 S1177 -1.3894107140616403 -0.28620851084224119
0 S1178 -1.3663560198157425 -0.25856561111267951
0 S1179 0.38216069561169969 1.4000786524711795
0 S1180 1.0061364263583872 -1.0225059090496582
0 S1181 -1.3627996201833834 -0.31444570332746197
0 S1182 0.43967255326897065 1.3840592658245026
0 S1183 1.0470540014296661 -0.94539862008863973
0 S1184 0.39486337441205643 1.3780737951171118
0 S1185 0.91040298499112204 -1.0160619612591935
0 S1186 -1.2992525004704418 -0.25996345977909446
0 S1187 0.42008312922038843 1.4112531595468685
0 S1188 1.0001203064143549 -0.95542005111036254
0 S1189 0.97486342352845079 -1.0369436100922078
0 S1190 0.51449518390174764 1.4332794688240948
0 S1191 -1.2514923810509595 -0.37218642040238675
0 S1192 0.97908284597453399 -1.0087699067148186
0 S1193 -1.2623486211792474 -0.2816416192018818
0 S1194 0.29464289672833233 1.3901377047111152
0 S1195 0.55315037233915698 1.3756960216585949
0 S1196 -1.39104264339901 -0.32219141099727711
0 S1197 -1.3644861905599193 -0.30755615417849591
0 S1198 -1.3649750138636036 -0.40369636014013321
0 S1199 -1.4004315029828374 -0.31967750669088646
0 S1200 0.91309831891191096 -0.89844053457638096
0 S1201 -1.294923845441744 -0.34798018377182649
0 S1202 0.958305052322318 -0.96798554209698084
0 S1203 0.49077764204081298 1.45508540018193
0 S1204 -1.3703634502008946 -0.28420707380745264
0 S1205 0.50141817481443485 1.3520215335239101
0 S1206 0.42460991532672271 1.4478310422548051
0 S1207 0.99896519877987 -1.0189192061263854
0 S1208 0.3460328072802939 1.4842826210613747
0 S1209 0.98269602474275708 -1.0260437692476105
0 S1210 0.40591996919847378 1.3911739489546391
0 S1211 0.2776224353819905 1.3878240588116251
0 S1212 0.44993932465741249 1.2993828476029743
0 S1213 0.41959610121252683 1.4047622002312028
0 S1214 0.37398266675681791 1.3695687847626452
0 S1215 0.40487646287672779 1.3747155994749913
0 S1216 -1.3647753020045945 -0.23364426058947135
0 S1217 -1.3199209660905686 -0.2602617342963881
0 S1218 0.93254951368169448 -1.0273033410676693
0 S1219 1.0547165984044526 -0.97102257492857125
0 S1220 0.39938221446382577 1.3441325091697192
0 S1221 0.36338421507007379 1.3891488674481025
0 S1222 0.34546536103575254 1.3365073554544349
0 S1223 0.94930311630836817 -1.0043713182610954
0 S1224 -1.2929650303539977 -0.27090226813371904
0 S1225 1.0113225785990181 -1.026255800024898
0 S1226 -1.3452548415160228 -0.2806688130911249
0 S1227 0.43763241593062358 1.2517938572137168
0 S1228 -1.3253369039632441 -0.25403136550597394
0 S1229 0.88341605190379524 -1.0690061049445501
0 S1230 0.97734950737667392 -1.1145878703425822
0 S1231 -1.3665297012023041 -0.30096269363269396
0 S1232 0.3758724835573159 1.3769859148770565
0 S1233 0.96094636863651084 -1.0108895906815296
0 S1234 1.0175059385962066 -0.97889189757116901
0 S1235 -1.3214433156671666 -0.42571531848687066
0 S1236 1.0312701918385119 -1.0103543162459361
0 S1237 1.0420827989133827 -0.96891683075451451
0 S1238 0.92977317568240014 -1.0904016362567686
0 S1239 -1.2889617548404593 -0.33871580700366005
0 S1240 0.37381172186536904 1.4405019181647514
0 S1241 -1.3394119519774983 -0.33814940032597168
0 S1242 0.33917846936020929 1.4649831079014042
0 S1243 0.3761419029636669 1.4858880919859958
0 S1244 0.42056460500380488 1.3656415967961466
0 S1245 0.97229247095577498 -1.0100949708629574
0 S1246 0.98415619495710593 -0.92461995623121551
0 S1247 0.9493672396655557 -1.0105397344351952
0 S1248 0.40110647975618963 1.4253925305784374
0 S1249 1.0420319975968091 -1.0267628458808828
0 S1250 0.98866459776070781 -1.0155071697504765
0 S1251 0.96057200146537403 -1.0024608454656063
0 S1252 -1.4061955322298412 -0.36807818446499779
0 S1253 1.0183448318649013 -1.0859162858427904
0 S1254 -1.3660583786193414 -0.37613700547871687
0 S1255 -1.2880207695466561 -0.28988757529327508
0 S1256 0.41548559082871372 1.3830818232750177
0 S1257 -1.2963151101794304 -0.24561916027291605
0 S1258 -1.4018611182284915 -0.34794137438512346
0 S1259 -1.3400407291000214 -0.31652028911741825
0 S1260 1.0325043498546986 -1.0592298917398109
0 S1261 0.35772901213332031 1.3558580040676049
0 S1262 0.96106256820047786 -0.98652402954778218
0 S1263 -1.3332780794573467 -0.23311420469135327
0 S1264 -1.4182243022031564 -0.25964721548038727
0 S1265 0.98460912790285049 -1.0657982103785604
0 S1266 0.38108211134193692 1.3478956766756538
0 S1267 0.39994676276805219 1.3660212790662769
0 S1268 -1.2948114952418419 -0.32071980678076595
0 S1269 0.95414950084493244 -1.0378498178177187
0 S1270 0.98344397169727515 -1.0732679224589663
0 S1271 -1.412360756381166 -0.39670860885893894
0 S1272 -1.4715155516975102 -0.3281951080299178
0 S1273 0.45423559730744956 1.3751351133042418
0 S1274 0.91554532413113454 -1.0700654193539625
0 S1275 1.0302281171273999 -1.0382326385809344
0 S1276 -1.274268328018294 -0.35391712351518012
0 S1277 1.0297831677481215 -1.0338659795159499
0 S1278 -1.2831422594123096 -0.26842418728766659
0 S1279 0.34207859869485047 1.3098780915102917
0 S1280 0.37374686723388362 1.433162007440812
0 S1281 0.90909876644991727 -0.91954698090677356
0 S1282 0.35303715534084351 1.3375162728732903
0 S1283 0.40604591361977754 1.3124581082963194
0 S1284 -1.3606265353416296 -0.25380478153764346
0 S1285 0.35211511213562924 1.5119872913529817
0 S1286 -1.3874381593212193 -0.30007995444950636
0 S1287 0.33882843054100592 1.381725846624432
0 S1288 0.33836480811151304 1.3397520096469213
0 S1289 0.41393240317259594 1.4308346945869703
0 S1290 0.34080538299856755 1.4593711946861516
0 S1291 0.31659416415095698 1.2752619199529889
0 S1292 0.36059407145121219 1.3894651556238204
0 S1293 0.4269591213624524 1.3663689605405476
0 S1294 0.28333683442731428 1.5508772699056961
0 S1295 0.98419071121186608 -0.99289162036891854
0 S1296 1.0425119130345888 -1.0960409052303084
0 S1297 0.42521233841354772 1.4335540986453403
0 S1298 1.0259881824184478 -0.88895503115818919
0 S1299 0.30734284474260426 1.4131551906267137
0 S1300 -1.3674179659284038 -0.2724118403793192
0 S1301 1.0242182898687795 -0.9688324275809963
0 S1302 0.93559996807153001 -0.99573044962436785
0 S1303 -1.2752624896958227 -0.32767095350479608
0 S1304 0.96338012555502017 -1.0601275422819099
0 S1305 1.0211957883967373 -1.0360583255246678
0 S1306 1.0181517407688823 -1.0050551885781989
0 S1307 1.1000019980425484 -1.0075261634670329
0 S1308 0.32492514866471062 1.3621379021072331
0 S1309 1.0162910312875786 -0.98580466831581337
0 S1310 -1.2513181886621978 -0.31541450172489877
0 S1311 1.0855618802003979 -0.97860106471438335
0 S1312 0.34319522013150955 1.4841243770659049
0 S1313 0.99808597927128273 -0.99978432926142069
0 S1314 0.43084431503508425 1.3226865113701873
0 S1315 -1.3324001162895784 -0.34719409193415873
0 S1316 0.92632095833156924 -0.98822598600998768
0 S1317 0.96823629137670264 -1.0217929406336104
0 S1318 -1.361580902911846 -0.31366226522980084
0 S1319 -1.3558060767367233 -0.31304547272061217
0 S1320 0.39219682117399762 1.425212403013032
0 S1321 -1.3346451341159991 -0.33446056825752962
0 S1322 0.97762601521635417 -1.0298268749787178
0 S1323 1.0139877307423903 -0.95496882460033528
0 S1324 1.0299281285509509 -1.0076885608264767
0 S1325 0.38702799811996214 1.4135447689683704
0 S1326 -1.3660948858949922 -0.33259242833124192
0 S1327 -1.3317158636951041 -0.27030734699957387
0 S1328 -1.3790197798214792 -0.2937298374820877
0 S1329 -1.2922686980619433 -0.34368129957158378
0 S1330 -1.3438057210048229 -0.3947780624799041
0 S1331 -1.3341082349706632 -0.31723314575961531
0 S1332 -1.4725090695784988 -0.2884470907089699
0 S1333 -1.3450087349991096 -0.24960446584101165
0 S1334 0.43126000572763917 1.2914951347271053
0 S1335 -1.3192672936266321 -0.37708988001272353
0 S1336 -1.3780206290865782 -0.34760347805451164
0 S1337 0.96908027124415819 -1.0698210265506574
0 S1338 0.34945699194896551 1.4338018142022741
0 S1339 -1.2695972291363782 -0.38155643174160786
0 S1340 0.96991804834633855 -0.92286058659008985
0 S1341 0.33385089807494955 1.3335340963374365
0 S1342 0.37915400663974463 1.3638527973854186
0 S1343 0.91528580411391514 -0.94439664304197368
0 S1344 -1.2714182166197829 -0.29281205121979731
0 S1345 0.96685183147469944 -1.0262584162649211
0 S1346 0.97513042122118865 -1.0739918623702516
0 S1347 1.0004385418776882 -0.96473060505264796
0 S1348 0.90719632984254739 -1.0312746842184439
0 S1349 0.9697991216203653 -1.0019997590708951
0 S1350 -1.3080768867216237 -0.33648440489118242
0 S1351 -1.2874725008176551 -0.35473310307237671
0 S1352 0.48135028981432665 1.4174777990246687
0 S1353 0.47689561742440095 1.3356587102146023
0 S1354 -1.3206858860886312 -0.25888786048987117
0 S1355 -1.3545864014367286 -0.3614049310269471
0 S1356 -1.3692421256315086 -0.33300178278904646
0 S1357 0.40330035422055699 1.3932891556827456
0 S1358 -1.2723232765804846 -0.29975839756486966
0 S1359 -1.3536573536912924 -0.30671369187232023
0 S1360 -1.4407034582753773 -0.26294227256458702
0 S1361 0.38722461272428815 1.3022348393560172
0 S1362 -1.3338970446134246 -0.31667624314698128
0 S1363 0.36073399727730615 1.3948973482425695
0 S1364 1.0030492527403709 -0.99578726696168085
0 S1365 0.99925039395427839 -1.0004810458879931
0 S1366 0.95401171544058194 -1.0937821799433933
0 S1367 0.97101025038611832 -0.98599977408149586
0 S1368 0.38170800045234221 1.3351981765376135
0 S1369 0.38324848185611937 1.3291555065432139
0 S1370 1.0157144948044228 -1.0802159863836029
0 S1371 0.47950301042423965 1.3766091587674556
0 S1372 0.39300810219848664 1.382305282825234
0 S1373 0.40487683292483356 1.4354736304846565
0 S1374 0.38697431577680608 1.4108083675452703
0 S1375 0.96330482207573764 -0.88038578667028955
0 S1376 0.37689114906280136 1.2578213930515527
0 S1377 0.4599934069600915 1.4796674884250844
0 S1378 -1.3974234696453236 -0.28814739579243909
0 S1379 -1.3931228810854459 -0.35811301171993332
0 S1380 -1.3246030665990918 -0.38595861528257441
0 S1381 0.35903035419882795 1.3925372873909965
0 S1382 1.0202391288306039 -0.96887307779386289
0 S1383 1.0052198405600972 -1.0486795493599699
0 S1384 0.52394290155701595 1.3701952422808952
0 S1385 -1.350053337350926 -0.30663618509793233
0 S1386 0.38011026786334751 1.3955245468074531
0 S1387 -1.2492867218894559 -0.20099517841976425
0 S1388 0.95671434644843667 -1.0336996620058461
0 S1389 1.0453845431719802 -1.0550777251019279
0 S1390 -1.3699774993199536 -0.33922501498541946
0 S1391 0.36252821497276294 1.4115614022659844
0 S1392 0.37724983639561749 1.3500348633507968
0 S1393 0.96313350842235179 -1.0818515977293399
0 S1394 0.37029553013176625 1.3561714131144791
0 S1395 -1.3248716133894356 -0.256812439829183
0 S1396 0.99692755311289449 -1.0222259811127663
0 S1397 -1.3262677496630648 -0.37787903377986731
0 S1398 -1.4219007841053266 -0.30105175303147336
0 S1399 -1.3393966542336857 -0.35367316151896661
0 S1400 0.38391409943938176 1.3768779888175164
0 S1401 0.41166217676097722 1.445519578835462
0 S1402 0.34027797146845734 1.4382049925349947
0 S1403 -1.3105559070738284 -0.3951646742249047
0 S1404 -1.2716444180974673 -0.34935908549263017
0 S1405 0.94257963494981523 -1.0165703674736919
0 S1406 -1.3265466218421818 -0.35273915421447649
0 S1407 1.0173183668346686 -0.99642954453780108
0 S1408 1.1151653976294125 -1.033792976339805
0 S1409 0.97982402226952914 -0.94895604826077395
0 S1410 0.40790029924065879 1.3872292642498512
0 S1411 1.0606293940646991 -0.95117142775651597
0 S1412 0.48111557065815097 1.3678257239394149
0 S1413 0.48141966084313564 1.3483932126703519
0 S1414 0.35655942756913006 1.4178853403732992
0 S1415 0.39694450983813412 1.4082063512589234
0 S1416 -1.277910488676647 -0.34291340882874893
0 S1417 0.99283872659377692 -1.0717866372516132
0 S1418 -1.2944854048700492 -0.31578333830004568
0 S1419 0.44112844808727825 1.3749019361681334
0 S1420 -1.3192087376951196 -0.38294172547059063
0 S1421 -1.3887642148369486 -0.26061458885236682
0 S1422 -1.2885583141632713 -0.2557485184008968
0 S1423 -1.2744805621132851 -0.34522841771395002
0 S1424 1.0507992770245989 -1.0500249938321211
0 S1425 0.4003388503274658 1.3660217609297798
0 S1426 0.88932856848928099 -1.038214654571356
0 S1427 0.95458401005895099 -0.95415164963017163
0 S1428 -1.3742962828361487 -0.24625526323255295
0 S1429 -1.3297059986706337 -0.24316439011530391
0 S1430 -1.2843205222220622 -0.3317130362725213
0 S1431 0.94626193128943148 -0.96764943722333174
0 S1432 -1.4046188457249353 -0.2157939673271253
0 S1433 -1.3923524099212889 -0.33226877727689053
0 S1434 -1.277932912609548 -0.36561944510238614
0 S1435 0.43808384286047275 1.4146565744195834
0 S1436 1.0391601783244722 -1.0876204181664173
0 S1437 -1.3148073567833212 -0.32717193502118558
0 S1438 0.90140590151398792 -0.96163061142207418
0 S1439 0.44651742556730017 1.4210035322449797
0 S1440 0.37251630153810628 1.3562206350676871
0 S1441 0.36587771904196181 1.3419925120836449
0 S1442 -1.3541270852584599 -0.34885133152378323
0 S1443 -1.3658890680537088 -0.32529046401104933
0 S1444 -1.2932527748700577 -0.32868641251304004
0 S1445 1.0285343343013333 -0.95325175652259286
0 S1446 0.980711550286122 -1.035413940929544
0 S1447 -1.3488132469697161 -0.34064921682924665
0 S1448 -1.3758075883610505 -0.3192890025332828
0 S1449 1.05615192825758 -0.86547237313829828
0 S1450 0.46273712662156186 1.3905102744161077
0 S1451 1.0205067047045064 -0.97560426193054628
0 S1452 1.0376794772467404 -1.0090169072015422
0 S1453 0.41338498273887775 1.4583518700223035
0 S1454 0.94640090979557212 -0.98630307937513562
0 S1455 -1.3304952482332153 -0.3718115043080093
0 S1456 1.0185078287645797 -1.0463458815814142
0 S1457 1.0114410024143938 -0.98114208370617029
0 S1458 0.30598109764933973 1.4306543738079982
0 S1459 -1.3119012472990541 -0.35424026944822362
0 S1460 0.39103115517275072 1.3141600763903349
0 S1461 0.42277925327273536 1.381816948094972
0 S1462 0.97789644181216617 -1.0985471761914538
0 S1463 0.41075731198750742 1.449845916890407
0 S1464 -1.3122815355091122 -0.32908295380666025
0 S1465 1.0473513192875239 -1.0129072388607256
0 S1466 -1.3883595536539455 -0.33916491181738018
0 S1467 -1.3973170992053241 -0.38530138994379709
0 S1468 1.020529280317205 -1.0279479108433431
0 S1469 0.47177510420194751 1.3702482516442269
0 S1470 0.97115069858248448 -1.0225349418475509
0 S1471 -1.3827539384228069 -0.3317335290295701
0 S1472 0.3852733712021994 1.3973524823754362
0 S1473 1.0573916963150576 -1.0897568882454636
0 S1474 -1.3360546255013364 -0.40395045916167538
0 S1475 0.38415945455584027 1.4684506634006806
0 S1476 -1.2453885788276442 -0.33100471886910987
0 S1477 0.98032232735240821 -1.0468721655550022
0 S1478 -1.3289725305469602 -0.39309763082186883
0 S1479 0.44549527487304363 1.3039183154403975
0 S1480 -1.2428956372230739 -0.31064166003399279
0 S1481 1.0819303852595763 -1.0922353349218117
0 S1482 -1.4454734613792581 -0.39587452770108073
0 S1483 1.0160334768438293 -1.0524763239472545
0 S1484 -1.3120998068447962 -0.30856709547586475
0 S1485 -1.3980042412537983 -0.38910372283474126
0 S1486 0.98009952519911503 -1.0023182241709352
0 S1487 0.97445209000811783 -1.0357501780775387
0 S1488 -1.3035391558761069 -0.33511722073077527
0 S1489 -1.4470555818628665 -0.31997669608939028
0 S1490 -1.3861294360089351 -0.30380783458710164
0 S1491 -1.412268561985826 -0.3569359816105025
0 S1492 -1.3613846762018953 -0.30440521264706716
0 S1493 -1.4091778687305783 -0.29667517470499499
0 S1494 0.97854661692427103 -0.95147538157665734
0 S1495 -1.3228326966133592 -0.25880860777869513
0 S1496 0.99466345692872415 -1.0155386498839207
0 S1497 0.99738542182843737 -1.0846099928135271
0 S1498 1.0266877526556299 -1.0348860010376271
0 S1499 -1.3129483387871448 -0.4279156264793309
0 S1500 -1.3871770617133972 -0.36053767558459249
0 S1501 0.34782692263463538 1.3117272797817265
0 S1502 1.0164197548939071 -1.1221823848494972
0 S1503 -1.4040623708196718 -0.34231119492646539
0 S1504 -1.3558469100715891 -0.3729713558690862
0 S1505 1.0154627889638896 -0.94629956051439745
0 S1506 -1.3989805993549256 -0.23163655216166196
0 S1507 1.0687163638950492 -1.0687421251854288
0 S1508 -1.3405348220932505 -0.28171279080863354
0 S1509 0.40365802228204245 1.4414089070510312
0 S1510 0.45156234816634638 1.3846920994354519
0 S1511 -1.3319520485032101 -0.3364080305449732
0 S1512 0.38260559115290665 1.3143036400116801
0 S1513 0.94842666557847388 -1.0569263847243795
0 S1514 0.95408385994434086 -1.0149230763919415
0 S1515 0.43512352606794058 1.4253317745805387
0 S1516 0.32883722501426971 1.4011068429582563
0 S1517 0.41867353354222336 1.3499695700755174
0 S1518 -1.3682764358624711 -0.35339541539605895
0 S1519 0.48195577548180346 1.3370747610706561
0 S1520 -1.2657413916719857 -0.26568702156265506
0 S1521 0.99810204630310806 -1.0399512800611332
0 S1522 -1.3851993850563629 -0.41557709916425717
0 S1523 -1.3758163681119764 -0.27600596280817191
0 S1524 1.0377490244453009 -0.91117827633353121
0 S1525 1.017963215772457 -0.95799031404806168
0 S1526 0.35822839107572885 1.3528080529359066
0 S1527 -1.3737826787407286 -0.30383278159899413
0 S1528 -1.3660607836391787 -0.30702012662993117
0 S1529 -1.3175696899414371 -0.35047553913971607
0 S1530 1.0007289164210258 -0.99114181999755746
0 S1531 1.0934004969032889 -0.93974911050412435
0 S1532 -1.359440767901124 -0.36806563745317855
0 S1533 -1.3312286753859357 -0.31972971732112176
0 S1534 1.0166051217180168 -0.94738198449962985
0 S1535 1.0039601099780786 -0.96101451001049754
0 S1536 -1.3964651236753765 -0.35311582420132748
0 S1537 -1.4005426450754461 -0.32967082847879581
0 S1538 0.33266831717531664 1.3178875910445027
0 S1539 0.9473354266858518 -1.0056590996497312
0 S1540 -1.4095918407764156 -0.38045736849890727
0 S1541 0.33100720927697774 1.3618142804289708
0 S1542 0.89899029645537765 -1.01152831628083
0 S1543 0.86676479212493784 -0.99063792054209321
0 S1544 -1.3398656555193944 -0.38363772813260016
0 S1545 -1.2969529073590973 -0.39253408726615863
0 S1546 0.96255003413847939 -1.0008816575016592
0 S1547 0.95832642001116664 -1.0056867514914711
0 S1548 -1.3503321572068145 -0.33003720344301835
0 S1549 0.91000191151368948 -1.0461457641234719
0 S1550 1.0058452848428285 -0.98320383034497538
0 S1551 0.93025572843873439 -1.01787564529168
0 S1552 -1.2746501487892803 -0.32021939992682458
0 S1553 0.29428416867370211 1.4321602659767318
0 S1554 -1.3008869777719607 -0.24548746088468362
0 S1555 0.96940966862490585 -0.9977069755113338
0 S1556 0.30131716350954174 1.3445496241857058
0 S1557 1.0083992429085311 -0.95491141827978809
0 S1558 0.28942918798465311 1.2940161776010639
0 S1559 1.0486025255546749 -0.93849545282945657
0 S1560 1.0183069504082127 -0.97079165722092564
0 S1561 0.96645142715217114 -0.93505041801603861
0 S1562 0.42155788089728735 1.4551463614633307
0 S1563 0.97949480385875021 -1.0467393320936536
0 S1564 0.4427829436484636 1.3392906866628167
0 S1565 1.0590796526077013 -1.0117053373833189
0 S1566 0.37980896712704848 1.4566280528981215
0 S1567 -1.4388606015707865 -0.39358748424727946
0 S1568 0.39323593042061672 1.3195604029821328
0 S1569 0.44382068628155419 1.3797491701622071
0 S1570 0.42020077251867305 1.5088623327037727
0 S1571 0.38848767545595253 1.48024398713688
0 S1572 0.38579837798124661 1.2943091936864424
0 S1573 0.97133425255081995 -1.0933497752276655
0 S1574 0.49070006830804569 1.3191832866327593
0 S1575 1.004268882543436 -0.92789807220645315
0 S1576 1.0078363856761132 -1.0205571215026419
0 S1577 -1.3451550387253741 -0.20628571960174202
0 S1578 -1.3343953051839788 -0.28173495253885922
0 S1579 1.0062649358001301 -1.0272066416454422
0 S1580 -1.3699733138300068 -0.33697841894948938
0 S1581 1.0424314844112308 -0.9404988635873972
0 S1582 -1.3310740717804497 -0.25944217392903635
0 S1583 1.0589174653175635 -1.0447034715332577
0 S1584 0.39632500009221666 1.4478796844253812
0 S1585 1.0791448105765209 -1.0198736134786968
0 S1586 0.97129230578995551 -0.98534243152560996
0 S1587 -1.4071023555555249 -0.28662883870381073
0 S1588 0.3266667516463177 1.4114764275252238
0 S1589 0.91645692517507837 -0.97950846126505431
0 S1590 1.0140069350143319 -1.071722069017303
0 S1591 0.42147266570025127 1.3368787291821029
0 S1592 0.37293884981441788 1.475373674598504
0 S1593 -1.3614425378694544 -0.34677834876227659
0 S1594 0.34702703513989697 1.2636697630278297
0 S1595 0.40026465542930889 1.3339530509698796
0 S1596 0.42665566686981116 1.3660416608091095
0 S1597 -1.4252239055089944 -0.27531627296310823
0 S1598 0.38774833600144243 1.4265943327346351
0 S1599 -1.2750226499567188 -0.33426410409202911
0 S1600 0.44393428813675595 1.4180817545974929
0 S1601 -1.3650259559941182 -0.2627148868480359
0 S1602 -1.3738250979964621 -0.41098882416987381
0 S1603 0.31271110999129481 1.4656033487670532
0 S1604 -1.3358459242215379 -0.27477485369564597
0 S1605 -1.2918984251218715 -0.37158538080636194
0 S1606 -1.3675192399678513 -0.3604523639060796
0 S1607 0.41078712648388815 1.4195677384625087
0 S1608 0.33347891786073786 1.4862480751712164
0 S1609 0.45963503115048421 1.3627078164933168
0 S1610 0.36988475534011805 1.3876500034803072
0 S1611 0.43078211592581594 1.3796925073626676
0 S1612 0.3235193412784837 1.3655089038625177
0 S1613 0.41609841566302463 1.3346471050857589
0 S1614 -1.2563684616794859 -0.33282938436772763
0 S1615 0.98237099825274554 -0.96816694448419183
0 S1616 -1.2987649568512529 -0.36937800310090635
0 S1617 -1.3502061692518041 -0.3335093705966054
0 S1618 0.41805190147522414 1.3030444747948642
0 S1619 -1.3351514670519735 -0.35437906762169008
0 S1620 -1.3112841557081465 -0.3788579190849497
0 S1621 1.007796399182642 -1.0236566238800642
0 S1622 0.95389886776091481 -1.1149526144822899
0 S1623 0.4086584738646159 1.3210375383488255
0 S1624 -1.3959788374162081 -0.37149759105858349
0 S1625 0.46740244417233062 1.4355573312127154
0 S1626 -1.2684878063474556 -0.37873351582844278
0 S1627 0.44284508427989616 1.3416850671998786
0 S1628 0.98473257126083447 -0.99702295461570434
0 S1629 0.45683498625768343 1.4142380491757562
0 S1630 -1.4580462948480279 -0.31742899579877581
0 S1631 0.44362960578483479 1.379119827989066
0 S1632 -1.2980739340660747 -0.31977133485174292
0 S1633 -1.4235175094972896 -0.32511396656151198
0 S1634 0.91756795422387138 -1.0894698535745455
0 S1635 0.36171449285557439 1.4230568623814748
0 S1636 -1.4026342437234676 -0.28250850973855202
0 S1637 0.99068995880877053 -0.99814267940449697
0 S1638 0.96773545668411676 -0.9496111977500572
0 S1639 -1.3691847586791415 -0.33664254943121541
0 S1640 0.90537355848619039 -0.96413498448960766
0 S1641 -1.3177977637947262 -0.34153840722055639
0 S1642 0.39257467185557926 1.3736915991982406
0 S1643 -1.3387305186790406 -0.2765884023507722
0 S1644 0.3728062807711765 1.3537664538296983
0 S1645 0.37249157294154939 1.3739120541894985
0 S1646 0.97421315398776642 -0.99341626210208789
0 S1647 0.45646167012129019 1.4391360447104686
0 S1648 0.37292897990638701 1.3894977568274345
0 S1649 0.87576818500867126 -0.95963045257062729
0 S1650 -1.3270937217113856 -0.3220908352070051
0 S1651 0.46301671013638607 1.386439188745296
0 S1652 0.32825705612158457 1.4302789042215089
0 S1653 -1.4035428228345774 -0.36294876593899295
0 S1654 -1.2550928337744878 -0.30827804413350235
0 S1655 -1.4865376456138575 -0.28803223430733482
0 S1656 -1.2877837176672582 -0.32186339360822808
0 S1657 -1.3140016216388462 -0.35567083861359811
0 S1658 -1.3183003366598689 -0.38104766740631046
0 S1659 0.44490076834129766 1.4060817095925597
0 S1660 0.42506013634701423 1.3839569748562977
0 S1661 0.91340821989643994 -1.0169273263671574
0 S1662 0.91428941571959943 -1.106402891903475
0 S1663 -1.3490561136538473 -0.36357028672733599
0 S1664 1.0257553371090589 -0.98772887161622192
0 S1665 -1.3112495639061383 -0.3256485566606655
0 S1666 0.8394598991121347 -0.95894649029581613
0 S1667 -1.2319369741386588 -0.22521573250904323
0 S1668 0.88910397475073411 -0.94956721404159472
0 S1669 0.33011990486478093 1.3729110431518234
0 S1670 0.35467520087896148 1.3723332872384677
0 S1671 -1.4080972344840923 -0.36034211940308636
0 S1672 -1.4044342919343453 -0.33310344481517268
0 S1673 1.0191997412363178 -0.99529786680347865
0 S1674 0.42464532379505643 1.2612037119566422
0 S1675 -1.3910948828466136 -0.32284405668961985
0 S1676 1.0351669027152481 -1.0074567801504968
0 S1677 0.35077198303560275 1.4604439559702007
0 S1678 -1.3382931858231402 -0.26222226564653622
0 S1679 0.39389648818961748 1.3856645091385342
0 S1680 0.9607916326700584 -1.0381912523849752
0 S1681 0.35665826768868131 1.3985963366094394
0 S1682 1.0038988743281232 -0.97406823764963402
0 S1683 -1.4356069399366831 -0.32972297047074395
0 S1684 1.1072187885559921 -1.0838996478790315
0 S1685 0.92252411469691054 -1.0165818187663154
0 S1686 -1.3363371083986326 -0.35553290702722778
0 S1687 1.056856061885614 -1.0604215785866729
0 S1688 0.92498621717359686 -0.97487164275235627
0 S1689 0.31909614009252579 1.2567282326332254
0 S1690 0.40793501284501676 1.3502382605072241
0 S1691 0.39296190944757714 1.3828825927600481
0 S1692 -1.4005291988174877 -0.27075801897015095
0 S1693 1.0650639930249546 -1.01452214531417
0 S1694 -1.2580482420447623 -0.34401810931021881
0 S1695 0.95187362638790995 -0.9353664911219024
0 S1696 -1.3407035532587888 -0.27758896992261678
0 S1697 1.0575238784043075 -1.0307466932137137
0 S1698 -1.3211536045656638 -0.37729339850477683
0 S1699 0.46436773661386804 1.3876579631413666
0 S1700 0.97054478934976196 -1.0181517148104064
0 S1701 0.33625778833959047 1.4736559356065493
0 S1702 0.45292768541000084 1.4613958196555028
0 S1703 -1.3530445370120918 -0.28243141559557278
0 S1704 0.43046052149367309 1.4066508480835396
0 S1705 -1.3529303337585743 -0.29496231745843482
0 S1706 -1.3573200829518404 -0.34652225297144013
0 S1707 0.91740846706916768 -0.98846457492226336
0 S1708 0.92376189852275825 -0.96390437428815079
0 S1709 -1.4409375799356869 -0.32193355055661749
0 S1710 0.97187220683411479 -0.95363549176862117
0 S1711 -1.270137487634394 -0.41530827831120898
0 S1712 0.45186053337761672 1.3476775367160501
0 S1713 0.39223464412557035 1.3700977746903371
0 S1714 0.48698548644792072 1.4361688113058424
0 S1715 0.94332507665579679 -1.0450265017134406
0 S1716 -1.357593219076352 -0.34081687648368453
0 S1717 0.97927273473156562 -1.0443119258604894
0 S1718 -1.4034724468561237 -0.33676524956495452
0 S1719 0.45151816442109588 1.356717030382764
0 S1720 0.93837500769054871 -1.0678824067624999
0 S1721 -1.3272627206602619 -0.25723774673295136
0 S1722 1.0578263850153466 -0.97695517148443667
0 S1723 0.48334305894544427 1.3058754070825147
0 S1724 -1.2929815129120346 -0.37408020450424218
0 S1725 0.98015005141578349 -1.0085842042410111
0 S1726 0.39014360131147607 1.3691164332784578
0 S1727 -1.4174166723751349 -0.33111914089265593
0 S1728 -1.4022763891743641 -0.29686512487272076
0 S1729 0.44018766948261262 1.4585241511184022
0 S1730 0.42766183229097487 1.3842118309471831
0 S1731 -1.3699317042405952 -0.46804448454917891
0 S1732 0.32932427199688413 1.3481841245845199
0 S1733 0.38859050115912597 1.3882431980932284
0 S1734 -1.477692127879632 -0.40497226230243155
0 S1735 -1.3086868775708536 -0.33058787446427507
0 S1736 1.000798792638693 -0.90742991150269492
0 S1737 0.38602626979772314 1.3206433609515971
0 S1738 1.0094841601744258 -0.99714440882621302
0 S1739 -1.3445476341283422 -0.29511464034867113
0 S1740 1.084841166804327 -0.98441977109993806
0 S1741 0.97470103341835823 -1.1115609199568877
0 S1742 -1.3676219900876629 -0.39159244817225275
0 S1743 -1.3045547477445909 -0.27737935104257555
0 S1744 0.43669265800835372 1.3454947468929648
0 S1745 1.0346478757962714 -0.99984945622737798
0 S1746 -1.2990805807265555 -0.33019002364382871
0 S1747 -1.3046899328862167 -0.37290056895097351
0 S1748 0.97242171041511061 -0.95093819266845359
0 S1749 0.44592095401250748 1.2844011083838829
0 S1750 -1.2857382957578167 -0.25975174622180658
0 S1751 0.94863716297730438 -0.97549894660039016
0 S1752 -1.3292992801372603 -0.38293450499247977
0 S1753 -1.3380671370247628 -0.29102272246965388
0 S1754 1.0369760063462627 -1.0468106878506482
0 S1755 1.0342564427832013 -0.97388658547533624
0 S1756 -1.3850249517984079 -0.30198377942049109
0 S1757 0.43358654239982658 1.3985338488964378
0 S1758 0.96328299659946726 -0.85269559498848568
0 S1759 0.96234944437396464 -1.0208389463328051
0 S1760 -1.265100095148679 -0.3397308218085216
0 S1761 -1.3730119749998371 -0.39380961418685961
0 S1762 0.36857001166111242 1.3698188180021247
0 S1763 1.0568735507039393 -1.0331671917199612
0 S1764 -1.3160811955441822 -0.35898477121060329
0 S1765 0.36661037115146644 1.2768943521133487
0 S1766 0.8894192271316812 -1.0190732651581182
0 S1767 0.35409964642494174 1.4121046657684733
0 S1768 0.41076590209826669 1.4387832777373517
0 S1769 0.40254775220990208 1.4050056247316316
0 S1770 -1.3991863564802931 -0.3637962878404547
0 S1771 0.98326776531997284 -1.0190409036418604
0 S1772 -1.3942549084693234 -0.18512246325721321
0 S1773 -1.3503516267706901 -0.27465674397954398
0 S1774 0.39032314460445006 1.277917529470775
0 S1775 0.39168261131367482 1.3610302992102463
0 S1776 -1.3918581590968035 -0.34644252357152755
0 S1777 -1.3255759911705405 -0.22144289989787166
0 S1778 0.44879564559051133 1.2906587145862458
0 S1779 -1.3527740346739472 -0.33030431079723532
0 S1780 1.0090130959360022 -1.0605380332240177
0 S1781 0.90243023203978578 -1.0155953841845677
0 S1782 1.0338216697485811 -1.0767746823224575
0 S1783 0.35622508635992528 1.3200497174402992
0 S1784 -1.3866635619745997 -0.30713611772881044
0 S1785 0.99190287950161693 -1.1133560672392271
0 S1786 0.92056370516557995 -1.0292664216240641
0 S1787 0.9884026311043993 -0.9808208228472074
0 S1788 -1.3394329099052857 -0.35636514841957712
0 S1789 -1.3357075067939019 -0.26850958299986194
0 S1790 -1.4183210936249835 -0.23094198006556715
0 S1791 0.4263884872165713 1.2695825064922859
0 S1792 -1.2790835019914419 -0.33968938489495132
0 S1793 0.96471210386722028 -1.0618519443241317
0 S1794 -1.2912715769839624 -0.31961205441132379
0 S1795 1.0832513917831303 -0.96255927857613321
0 S1796 -1.3091344311793849 -0.33209810746832025
0 S1797 0.87559462159904156 -1.0346419986299369
0 S1798 1.0073037895670844 -1.0174860586091594
0 S1799 0.42979802475168505 1.4157863093177554
0 S1800 0.99857692232406459 -0.94614601917223473
0 S1801 -1.1927076798941956 -0.40535897470250115
0 S1802 -1.3244327090966805 -0.38930241535001875
0 S1803 1.0352616572266409 -0.96103039548442037
0 S1804 0.93516856845426199 -1.0438643746107434
0 S1805 0.88651285174672256 -0.94271106581630038
0 S1806 0.98447211179757876 -1.0054066109393642
0 S1807 -1.2750066069931174 -0.3017792705259072
0 S1808 0.44539480076803606 1.4081072765216578
0 S1809 0.94964539844961127 -1.0013979904580796
0 S1810 0.36015222492081644 1.3835927832651895
0 S1811 0.40418604684812065 1.4038194407676368
0 S1812 0.36369183725749821 1.2927644037374888
0 S1813 0.9643432703282977 -1.0313021602779362
0 S1814 -1.3933633900077687 -0.33267735660906955
0 S1815 1.0530238054065786 -1.0980931014322017
0 S1816 -1.3417416857431932 -0.31814988335718836
0 S1817 -1.3464259721898504 -0.36912391519684468
0 S1818 -1.361609263236665 -0.3826671020778894
0 S1819 -1.3517572463451097 -0.34652176325468509
0 S1820 0.97672360168075134 -1.0065552028194915
0 S1821 -1.3041866350042097 -0.38281680201099999
0 S1822 -1.3011707615611268 -0.41654571717597744
0 S1823 0.43781508857196977 1.3178692639851504
0 S1824 0.97796598369080012 -0.93686695853001045
0 S1825 0.94476631814535594 -1.0150895412984693
0 S1826 0.97258200636944925 -1.0077044486495195
0 S1827 -1.3670763363112688 -0.34783963275682978
0 S1828 -1.4447531628179671 -0.43781879159642539
0 S1829 -1.3556737921769577 -0.34044374610968997
0 S1830 0.41568419957012159 1.4486828821741291
0 S1831 1.0250884323586129 -0.97949908380227235
0 S1832 0.33923765878144729 1.4090042152987483
0 S1833 0.99440481534290426 -1.0588294831618639
0 S1834 0.99099885623377881 -1.0252223189640608
0 S1835 0.97472051981903307 -1.0239807727541785
0 S1836 0.34983668214650104 1.3770648607415437
0 S1837 -1.4728798527151712 -0.34989299853446898
0 S1838 0.97872833183888652 -0.9350024135012488
0 S1839 0.43087240572173269 1.4069055839198257
0 S1840 1.0173253521270047 -1.1115037122652334
0 S1841 0.98594600854219283 -0.96978525065754362
0 S1842 -1.4250488975965701 -0.32370707261031029
0 S1843 0.95236165328442213 -1.0116759988185366
0 S1844 -1.2960731136687014 -0.37762476606108625
0 S1845 -1.2759812221134572 -0.37558017150439554
0 S1846 0.96224114055188203 -0.96322505771633737
0 S1847 0.27976843961085435 1.3314431110968414
0 S1848 -1.3352652583356313 -0.3605718464700477
0 S1849 0.42299329865912033 1.4427021590135887
0 S1850 -1.3772172489028991 -0.30253764276249073
0 S1851 0.47149331308355491 1.3628094187308868
0 S1852 0.93461264508582398 -0.9083413568860248
0 S1853 0.96265263800304712 -1.0005709047106339
0 S1854 0.42774008895490806 1.4087528284658575
0 S1855 0.38955360160627139 1.515586918251479
0 S1856 0.98045143933183498 -1.0264755823008755
0 S1857 0.45547904245069676 1.4314544467345724
0 S1858 -1.4308657501533482 -0.27917456634671606
0 S1859 -1.3327110863571456 -0.3576696909256073
0 S1860 -1.3578659298467155 -0.3673078488205041
0 S1861 1.0803400898668645 -1.0422518704337569
0 S1862 0.47567663829256496 1.3328015446427071
0 S1863 -1.2691849344678647 -0.34573613785517621
0 S1864 0.39900608639683999 1.3713771358893727
0 S1865 0.40129258229375175 1.2920134352101416
0 S1866 -1.3140619869809327 -0.32548915421803759
0 S1867 0.46874674260099103 1.2846818033704781
0 S1868 0.40963762092608014 1.4716918963761467
0 S1869 0.39067800296576677 1.3279938857940212
0 S1870 1.0565000639648388 -1.0384008290713038
0 S1871 0.41428242803541848 1.246259807009539
0 S1872 0.35027312348414091 1.3744259916243884
0 S1873 0.44198406302190363 1.3149646583648977
0 S1874 0.92874051753641218 -1.0101470152879566
0 S1875 0.40418014140867753 1.361265729425654
0 S1876 0.43131696074914205 1.3664256205651206
0 S1877 0.4038505556121193 1.4584584558381875
0 S1878 0.45078461975608458 1.3634363623424359
0 S1879 0.35379256393763786 1.4351021518613671
0 S1880 1.0075378498359187 -0.91149808453994829
0 S1881 1.0202000982605866 -1.0267211385464605
0 S1882 0.40641164518593731 1.3513992852099856
0 S1883 0.42402678348087058 1.3767531912764797
0 S1884 1.0559527562657802 -0.98140097538082705
0 S1885 0.33365288803475296 1.4892618368062793
0 S1886 0.44249693358479852 1.3729373644436957
0 S1887 0.46499241888161658 1.4190193166382494
0 S1888 0.92086599240764544 -1.0473397205669395
0 S1889 -1.3336521481294048 -0.3747992889448874
0 S1890 0.94312181819902574 -1.022996132589379
0 S1891 0.4211516416538445 1.3506473621590658
0 S1892 0.97352495758157509 -1.0268972036715218
0 S1893 0.35159694430016475 1.4077183037809304
0 S1894 -1.3591542193090036 -0.43327192430942291
0 S1895 0.97987158526180107 -1.0340173908081636
0 S1896 0.96727083295788052 -0.96246316542460941
0 S1897 -1.3703859520339845 -0.38783402884519302
0 S1898 0.92883091202792112 -0.99524263641899158
0 S1899 -1.3910683252588842 -0.36500812666966204
0 S1900 0.37243761660666364 1.2825052010449778
0 S1901 -1.3901484448624872 -0.23782053623076127
0 S1902 0.44798904889019464 1.4708238246363583
0 S1903 -1.3313718269531087 -0.32111581838651643
0 S1904 0.43046217572639711 1.4043290212000417
0 S1905 -1.3933301674680132 -0.29249547125816072
0 S1906 -1.3408165365468798 -0.36434811165671038
0 S1907 0.98215035658598948 -1.0402593924823009
0 S1908 0.40495688740418934 1.332290240942734
0 S1909 0.41593197637609153 1.3804480222393907
0 S1910 0.4147954635789407 1.3405434044319764
0 S1911 -1.384889350142855 -0.31619124608601279
0 S1912 -1.3377077490256626 -0.32429229938830001
0 S1913 0.41686092932861535 1.3506922773317851
0 S1914 0.84550995029112708 -1.0740368624910686
0 S1915 -1.2922821998832197 -0.28517476064341329
0 S1916 1.020939294723836 -1.025521442712259
0 S1917 -1.3751859993051836 -0.33843566539133813
0 S1918 0.29529089542259218 1.3805274236250227
0 S1919 0.98806207160009163 -1.0252151946741905
0 S1920 1.0170934986670987 -1.0221775973668608
0 S1921 -1.2830000469475749 -0.39130088669891822
0 S1922 -1.3836549186909635 -0.31770967312223686
0 S1923 0.99727432540978012 -1.0418753220281989
0 S1924 -1.329814147966683 -0.22995223231687831
0 S1925 0.97507063759305534 -1.0073623824424764
0 S1926 -1.4057462528731111 -0.30846239250586921
0 S1927 -1.1974129131449445 -0.35253516621521624
0 S1928 0.39870676161938473 1.3786252968073625
0 S1929 -1.2701860552572342 -0.42460889659182705
0 S1930 1.0532904314164542 -1.0141225383342922
0 S1931 1.0358551974898649 -1.1756865697059629
0 S1932 0.98128508888996335 -1.0781375356882608
0 S1933 0.98061036106194066 -0.98414879099702457
0 S1934 -1.2794771293229803 -0.29388838358068892
0 S1935 0.97020489189327053 -1.0220586030534076
0 S1936 0.99239202331717569 -1.1362597232647418
0 S1937 0.49109772267191204 1.3179934500263766
0 S1938 1.0677331089304394 -0.92543146845692692
0 S1939 -1.4569782627526406 -0.34653795988283337
0 S1940 0.47377928886022158 1.3244540645312659
0 S1941 1.0417398847994055 -0.98401141617073662
0 S1942 0.34788371076871516 1.3434329299377252
0 S1943 0.95644493558067212 -0.93003542453593968
0 S1944 -1.2641775629292571 -0.3913236127181251
0 S1945 0.90736986217876869 -0.97632032466212015
0 S1946 1.0235753757520547 -1.0182871767527861
0 S1947 1.0258895935637251 -1.0280970980395281
0 S1948 -1.3317551781577646 -0.30776435819735087
0 S1949 0.33981477991803011 1.2982657531929023
0 S1950 1.0601237392495755 -1.0194968329829242
0 S1951 0.40155571707126064 1.41239899888845
0 S1952 0.99933925127617818 -1.0012730421363982
0 S1953 1.0170952721573774 -1.0365521532404605
0 S1954 -1.2947223784728441 -0.39211053782457689
0 S1955 -1.3463481827539365 -0.36733651400806339
0 S1956 1.0302129960025086 -1.0000569597021467
0 S1957 -1.3358376687998246 -0.3928114654620713
0 S1958 1.0188182479945604 -0.9398509779704165
0 S1959 0.94987554465699775 -0.94599577227427589
0 S1960 1.0326573754690087 -1.0393772850197867
0 S1961 1.0496689437805227 -0.99792904927297355
0 S1962 -1.3072939498781069 -0.41046505978071446
0 S1963 0.43741328247631411 1.3781598319366488
0 S1964 0.44517435800251276 1.3565623012103383
0 S1965 -1.3715840881406935 -0.32122556150508291
0 S1966 0.45441707243400609 1.4392362259951839
0 S1967 0.9477516809445643 -0.94077188278883717
0 S1968 0.97869482993536039 -0.91967834572912932
0 S1969 0.38560565252957513 1.4087998829440422
0 S1970 0.9732623674239933 -0.9862278635470012
0 S1971 1.0138766974572788 -0.98702870606338844
0 S1972 -1.3522489184293114 -0.24393307540562686
0 S1973 0.33634293613989852 1.257917267120215
0 S1974 -1.4626083527835101 -0.31840704990627405
0 S1975 -1.3382028802608241 -0.26052269732685818
0 S1976 0.44330115535850495 1.4053277657726737
0 S1977 -1.3398438669841726 -0.33763333524124423
0 S1978 0.36491529643176823 1.3796557619887981
0 S1979 -1.2529830397080441 -0.32354440898968179
0 S1980 0.36229963643034968 1.2441200604995277
0 S1981 -1.3280024346741763 -0.30068238395215235
0 S1982 -1.3349706491661657 -0.42974412955639107
0 S1983 0.32672524908106404 1.3303772173687918
0 S1984 0.33882900713528086 1.3995425911366417
0 S1985 -1.3671298659388011 -0.28500486331161906
0 S1986 0.41636824328707878 1.360319164962823
0 S1987 0.32574782157441257 1.4056604249277971
0 S1988 1.0596501587569536 -0.94155496768487301
0 S1989 1.0621974491173563 -1.0140487841343095
0 S1990 0.40922604502224441 1.3906993855351013
0 S1991 0.96678739224684695 -0.86893709431052624
0 S1992 0.30730772428410458 1.3521675791410672
0 S1993 0.36285789224060666 1.3512876358311525
0 S1994 0.32686265470567971 1.3608180174212603
0 S1995 0.97727287452402289 -0.9454917896939572
0 S1996 0.35937685846628104 1.4096763315311358
0 S1997 0.31185790863703922 1.3888858026107209
0 S1998 -1.3865728616900321 -0.34381796481761251
0 S1999 -1.3392532092759384 -0.33916797385004321
