0 S0 0.12330171101873358 -1.3784615065158341
0 S1 -0.005180177228496413 -1.4735823513416098
0 S2 1.2287118959779539 0.6301068437504439
0 S3 -1.0923983121249494 0.64629400679461846
0 S4 1.3007439775877712 0.77331379407928469
0 S5 -0.04160008488637381 -1.427681113312171
0 S6 0.056212019163426261 -1.4267475685048308
0 S7 -1.0500912507384133 0.75719522695408703
0 S8 -1.1557305067182799 0.67359082297356199
0 S9 -1.1786320605236282 0.53697541266134141
0 S10 1.2878271198060047 0.67717330694672839
0 S11 -1.2705573960412713 0.78320595677919691
0 S12 1.1793269365657628 0.64356181050619032
0 S13 1.2706346615294759 0.75976317596009657
0 S14 -1.1340935145997406 0.7366126123846557
0 S15 -1.2147543832001244 0.64234606640631342
0 S16 -1.2085920195782309 0.78613966856541473
0 S17 0.074982670525331849 -1.4220801790907152
0 S18 -0.0018657164059717466 -1.4294123771995806
0 S19 0.027836646687758291 -1.6122362319103745
0 S20 0.054635678807241017 -1.5721196288200994
0 S21 -1.0904825918212426 0.59468616201713598
0 S22 1.1751410591224756 0.73322397014141505
0 S23 1.2562206486385377 0.79714105356179354
0 S24 -1.1237681331636378 0.69575279381029209
0 S25 0.0039153251580758145 -1.3861774773871685
0 S26 -1.1420390352359227 0.6673754922163202
0 S27 -1.1686550916550347 0.71792903801970687
0 S28 -0.036452926294625911 -1.4772031620814108
0 S29 -1.178031846065086 0.75811823704582426
0 S30 1.2530530098421042 0.68967895568026349
0 S31 1.2644727662499646 0.83718517227475142
0 S32 -1.1248847413182195 0.66633136427496753
0 S33 -0.033490568234182803 -1.5618979674348676
0 S34 1.3004869545358708 0.73045929856813352
0 S35 0.13460139960068149 -1.4562509174408864
0 S36 -1.2316208247123033 0.63059835821268062
0 S37 0.034637179339175983 -1.5031746210000982
0 S38 -0.077405289002577815 -1.5263205885377691
0 S39 0.11874666804297442 -1.4133995338120813
0 S40 -0.030489045468014959 -1.4494533732066801
0 S41 -1.1640748289134635 0.68589176323027223
0 S42 1.3637287830584253 0.64128013192903588
0 S43 1.3460279713748302 0.59047186124019224
0 S44 -0.084484762814180075 -1.4364556067118506
0 S45 0.0017235423804829271 -1.5279819782818438
0 S46 1.1619370741442268 0.60315525382516411
0 S47 0.037205723820167305 -1.5718582648129107
0 S48 1.3503790376661848 0.636924477371132
0 S49 -1.1278423035788832 0.59926846202180628
0 S50 -1.1731451907686776 0.67145050138088858
0 S51 1.2701715600395789 0.73783467821785875
0 S52 -0.10746610299192436 -1.5744699230705701
0 S53 -0.0055306210633761753 -1.5357045309582129
0 S54 1.2891128704000065 0.59391519794507086
0 S55 -1.0427935079709167 0.64454057512148499
0 S56 1.2115805788933365 0.56836900966848614
0 S57 1.177767788658187 0.74235098751559214
0 S58 -1.2173122413060262 0.67312653157369173
0 S59 -1.1915604849641079 0.56924294818261389
0 S60 -1.1693640992895433 0.81347493512470237
0 S61 -1.1631822172686355 0.6080730000445228
0 S62 -1.1638084215658742 0.7940215534459556
0 S63 -1.3980812512415475 0.69664778548016004
0 S64 -0.024598956967291846 -1.4717796896180415
0 S65 0.20709881167278385 -1.4980795499904478
0 S66 0.19119708307310776 -1.5260829406478544
0 S67 -0.038618754512773308 -1.4742936079191382
0 S68 -1.183570220152472 0.47541853279004631
0 S69 -1.2163427544136891 0.72605174732333211
0 S70 0.085490525419780139 -1.4846880358281458
0 S71 -1.0800538754894686 0.66824612395924921
0 S72 1.1991199600755822 0.65144937833736927
0 S73 -0.045517766626596796 -1.5501710008655789
0 S74 -0.058557035335748471 -1.4148651165585824
0 S75 0.093460647140990588 -1.4499059787523567
0 S76 1.2802905173413284 0.74054283348844685
0 S77 0.0039398177049987581 -1.4043468130040053
0 S78 -1.1682210783644618 0.64377262318173034
0 S79 0.075436485403924933 -1.5557735008855509
0 S80 -1.3166952926556463 0.74950771524982729
0 S81 1.1504230682532992 0.63992866403002313
0 S82 1.4043637314667663 0.69740247408425537
0 S83 -0.047718531610657859 -1.4408420192960019
0 S84 1.1713286758855195 0.68062804318629111
0 S85 -1.224577352077072 0.6596747337157246
0 S86 -1.1971352565435249 0.56178340115296854
0 S87 -0.044369241447966293 -1.5530194744648056
0 S88 0.042723821948341706 -1.5193641247748204
0 S89 -0.00093899271378412093 -1.4649431736649829
0 S90 1.231954534921625 0.70624275568239991
0 S91 0.084554177858952126 -1.5541633799718773
0 S92 0.0085642147054139708 -1.5302326854574206
0 S93 -1.2436879215799412 0.84027671176668828
0 S94 1.1802824283402147 0.80700674611422096
0 S95 0.018581452710892142 -1.4045852060355841
0 S96 -1.1213110612909432 0.69447308607138902
0 S97 -1.1532631164624558 0.56491889063105571
0 S98 0.025837257483474325 -1.436524689096113
0 S99 1.3290599177919393 0.77571077726055693
0 S100 1.304611444475579 0.770066226641685
0 S101 -1.1097126448113528 0.68498187003883659
0 S102 -1.2185096079114051 0.67462706055961208
0 S103 -1.0121601835840113 0.6293009955495521
0 S104 -0.0065587024245719154 -1.4871717049893594
0 S105 -1.260947259676523 0.71359563795138103
0 S106 -0.046938790238663909 -1.5338293597563075
0 S107 1.2040622715320188 0.70836018298147774
0 S108 1.2461043860535099 0.5970317654788192
0 S109 1.2763715159213089 0.67485606482130811
0 S110 -0.0032506428543471909 -1.488852989727915
0 S111 0.98833800140936356 0.6152671959187066
0 S112 -0.0052354500807265166 -1.5109836995837544
0 S113 0.085163667814226088 -1.5564661733756202
0 S114 -1.0667139678504425 0.55727112137028545
0 S115 -1.1230674904858022 0.6398002281460724
0 S116 -0.0066125369424130335 -1.5509844932379813
0 S117 1.3335598245385352 0.83478850629717283
0 S118 1.184391905581041 0.71146559331201087
0 S119 -1.181320567558322 0.4895598863680003
0 S120 -1.0476690324592839 0.64796219146410328
0 S121 1.3371388969242486 0.68649222517617936
0 S122 1.2148915311180477 0.66054122249212699
0 S123 1.2142771313215786 0.59750897239684175
0 S124 1.2411497947642989 0.71659211081691754
0 S125 1.1547312765372115 0.62431623651325563
0 S126 0.12436657419221912 -1.4983284390050144
0 S127 -0.017371138342025368 -1.4457976965618986
0 S128 -0.096370628436498518 -1.3680015348098482
0 S129 -1.174131702266364 0.66839531664962126
0 S130 -1.2070808237008548 0.68057904001923886
0 S131 1.2427343925151098 0.72773313124002281
0 S132 -0.034668122521937274 -1.5863096552303082
0 S133 -1.1839480116289987 0.67756372113716734
0 S134 -1.1408231237593409 0.63478153482811617
0 S135 -1.1238998008136925 0.71704910464294169
0 S136 -1.1577812506623775 0.7363268970069311
0 S137 1.2681760704805676 0.7057567824503822
0 S138 -1.1535421936630141 0.69759343769389814
0 S139 -0.088045389680023581 -1.5444179303638375
0 S140 1.2635866132210201 0.71854115227952498
0 S141 1.3366798097386612 0.69112312970481404
0 S142 0.075539266245962272 -1.5442486798709099
0 S143 1.2265407824900834 0.76542370030070872
0 S144 -1.1041481941422715 0.64135423077131903
0 S145 1.1315563942671159 0.57514367223264362
0 S146 1.2098430717491524 0.61789596938710478
0 S147 -1.2586649811156148 0.56642307089704924
0 S148 -0.086941369997227888 -1.3472589152414576
0 S149 -1.2255150665075931 0.60529739777060654
0 S150 1.1228198701924783 0.76029968891027211
0 S151 -0.018357763440549592 -1.4330835665952499
0 S152 0.034879715103429854 -1.4434631580023138
0 S153 1.1051618009295221 0.5664569924529681
0 S154 -0.072060283255099 -1.462222018329393
0 S155 -1.0717299468298114 0.61261770433904694
0 S156 -0.15566903500350079 -1.5927483606060537
0 S157 -1.2308345720503022 0.59561876096258426
0 S158 -0.029267096387259023 -1.4569611554813573
0 S159 1.29704869418927 0.69110114661687627
0 S160 0.090870231751964237 -1.4901418111670148
0 S161 -1.1177930273760692 0.63503623973023915
0 S162 -1.1608680977389509 0.75911049394388641
0 S163 -1.1551715041454993 0.63754880057461494
0 S164 -0.056125988358585711 -1.5225023981364321
0 S165 -1.2192493549097261 0.76635391652710438
0 S166 -1.1469908787884677 0.55377124608980444
0 S167 1.21173003575591 0.68254606181830701
0 S168 -0.014532585905803457 -1.5726987284211573
0 S169 -1.0666544310333281 0.6486815559049991
0 S170 -0.028878054479707958 -1.4686476968520064
0 S171 1.2711055600002457 0.62443026512840905
0 S172 1.2079606866752672 0.73393602428285587
0 S173 1.1609989157729936 0.56304627778953609
0 S174 1.2635366954987077 0.66222170278425463
0 S175 -0.06236956941516289 -1.6170098108994884
0 S176 -1.1842068674100303 0.62443345451357013
0 S177 -1.1129058723367831 0.66391365379047462
0 S178 1.2818991622034335 0.65131132105712297
0 S179 -1.1433178227278802 0.66095744890321695
0 S180 1.2158183632082806 0.57705657241183528
0 S181 1.282646892502985 0.5270702962190319
0 S182 1.2631374640972699 0.53011244392890267
0 S183 0.20914618173717722 -1.4872307249291252
0 S184 -0.00054156663742744888 -1.4728678637033581
0 S185 -0.029588489187506964 -1.3787729612462039
0 S186 1.2908549351502772 0.69299448436730049
0 S187 1.1906540133088193 0.55964633560237376
0 S188 -1.1195612610271464 0.57630812705355949
0 S189 -1.0779103423550709 0.63712679629107705
0 S190 1.3491950653561833 0.66396950513219877
0 S191 1.1875770404883941 0.69981809344705248
0 S192 -1.0958366544158742 0.61903466020729148
0 S193 -1.2190147801223168 0.71827577793283182
0 S194 1.2860845651654762 0.60775392867117695
0 S195 -1.1166879221362285 0.67110808263517485
0 S196 0.012834372138919862 -1.5286693848990673
0 S197 1.0978289208224645 0.82463319365022181
0 S198 -1.1164455967252847 0.59367571338313097
0 S199 -1.2936058825631132 0.72720576340772147
0 S200 1.1441578073247944 0.65493190800136969
0 S201 1.2275408226460771 0.7336213361369418
0 S202 -1.1163077730033251 0.75020018937086297
0 S203 -1.1554774678629431 0.68792659835227377
0 S204 0.050485455833356417 -1.4804993615865936
0 S205 -1.1783086029566601 0.67250389302351055
0 S206 1.2577876109165391 0.77449258610137173
0 S207 1.072259857377611 0.81799539461898307
0 S208 0.0069518876998789329 -1.5429463304409283
0 S209 1.2007225331149205 0.68353742519762972
0 S210 1.3158645816955854 0.68510131015193132
0 S211 -0.060390675606007291 -1.4368431548499023
0 S212 1.253856306725591 0.56234722739521448
0 S213 1.3414951052135016 0.61942343740477657
0 S214 1.2655033286934263 0.68712796894875283
0 S215 0.13522914306171219 -1.4582254698616668
0 S216 -1.141402266607473 0.53902859300052974
0 S217 -1.189351887934722 0.71612924451072923
0 S218 1.3498130320772619 0.74045880163466715
0 S219 0.0088448292302883719 -1.4227931565319862
0 S220 -1.1225631694586193 0.73654494471178156
0 S221 1.185174986273394 0.65101950789266905
0 S222 -1.1578453188841131 0.670242931090126
0 S223 -0.022219172034859468 -1.5340310511782722
0 S224 1.2886541867539729 0.76928242668613722
0 S225 -1.1771286115672499 0.80342677739049773
0 S226 -0.070497076726069072 -1.4827663282460055
0 S227 -0.066673924631029363 -1.55671935072376
0 S228 1.3105561974733593 0.7177062769830338
0 S229 1.3099630588899989 0.55974513711979401
0 S230 1.2438861737197255 0.66726657592044347
0 S231 -0.039350073425223592 -1.4780204898847453
0 S232 1.164358064541793 0.57901340251648492
0 S233 1.2755367221641662 0.58198011917124637
0 S234 0.058351745387176537 -1.5714463987985545
0 S235 1.2872949815694492 0.62816363509312956
0 S236 -1.2179692452590691 0.54861632828608264
0 S237 1.2140851010262876 0.67292807102183683
0 S238 1.1941848702998807 0.64020878737699793
0 S239 -1.1402759339385755 0.61372744878289576
0 S240 -1.2562243927971186 0.6310587907469567
0 S241 -0.02434561742846935 -1.5919543425714568
0 S242 0.037618538168804394 -1.5000741469420378
0 S243 -1.0960760159100429 0.6083547245705847
0 S244 -1.077337230479279 0.59861754684482482
0 S245 -0.075104634032866574 -1.5868257929915426
0 S246 1.242682818464516 0.68667339756089263
0 S247 -1.1524864331961211 0.58882897792587852
0 S248 -1.1992160275173558 0.77532126030250426
0 S249 -1.2700224161757243 0.59059377194112317
0 S250 -1.0715426543214221 0.67814918169533855
0 S251 1.1578194330926268 0.79962188405917112
0 S252 -1.106883777459464 0.58655608780156976
0 S253 -1.1650998091999387 0.55884771820734169
0 S254 1.1863512282815649 0.86360843792366859
0 S255 -1.2588793514906358 0.50284049190678193
0 S256 -0.019178718983189368 -1.517917279469944
0 S257 1.150201274422358 0.63368280148731659
0 S258 1.1766368960932045 0.68954797897399533
0 S259 -1.1604032186021267 0.53969180360344138
0 S260 -0.088335158270766614 -1.4946077819187689
0 S261 -0.029785844494524316 -1.5749394924141538
0 S262 1.264207443568979 0.60747966829005318
0 S263 -1.1730351232174996 0.57858901427624276
0 S264 -1.1992402100555941 0.67817043342487837
0 S265 0.0032970792731350836 -1.5509575827267825
0 S266 1.2099896803742003 0.62211243658657644
0 S267 -1.1105440822628527 0.71376822394127082
0 S268 0.04656413234410136 -1.5123452833470576
0 S269 0.0088673279309505072 -1.3435979510794474
0 S270 1.1801608685692015 0.77659752278327465
0 S271 -1.2128496745991444 0.81720488044212847
0 S272 -0.081644235801041146 -1.3244468489115397
0 S273 -1.146453328547 0.65636260141622305
0 S274 1.2223084222793452 0.71073078273058699
0 S275 -0.059298647138623269 -1.4725525021542245
0 S276 -1.1603182212815406 0.60781440003892506
0 S277 1.1882187118763179 0.71656157652846919
0 S278 -0.01536333625077636 -1.5000985307952772
0 S279 -0.078293343633430101 -1.4693078572008837
0 S280 1.2310584599004835 0.7121698997529089
0 S281 -1.196608944314089 0.76399393528246629
0 S282 -1.1963344913249918 0.73355161345221276
0 S283 1.2516611120064627 0.79376632093215826
0 S284 1.2028069073408925 0.74170753448491822
0 S285 1.1404255319542982 0.68805494790098398
0 S286 0.013319663236737226 -1.4827397409841812
0 S287 -1.1680690467456691 0.64204426289855465
0 S288 1.202262011502091 0.69497336376862862
0 S289 0.1033851442214902 -1.5051217047589802
0 S290 -1.2119876732705697 0.65005133839365392
0 S291 -1.2064409045761153 0.75193912450157818
0 S292 -0.077984175857107887 -1.3871666495941044
0 S293 1.2019048753750901 0.59378461965864759
0 S294 0.093423713565756891 -1.4509443801501796
0 S295 -1.0540179668236562 0.63330626855117955
0 S296 -1.1998390403724153 0.64398867613695698
0 S297 0.12177614969557078 -1.472855254124168
0 S298 -1.0045413838394923 0.71737990771620352
0 S299 1.2889847649640287 0.62286363562472591
0 S300 -0.022279082561000529 -1.3926512387229282
0 S301 1.342304786792383 0.65909084612702096
0 S302 -1.1164767140171064 0.75561510913908791
0 S303 1.1677127632659767 0.63972428165184247
0 S304 -1.2041521658236716 0.60698899692127006
0 S305 1.146876329895856 0.6642333311380445
0 S306 1.1370163246535461 0.64964557686291735
0 S307 -0.047442921394667902 -1.6214163877685273
0 S308 -1.191922573169756 0.68062216733110426
0 S309 1.1876512842097871 0.65001450297156793
0 S310 -1.2180244455245361 0.69463286276054004
0 S311 -1.122705510644147 0.60376003062627637
0 S312 -1.1229804674148183 0.72677895278269489
0 S313 0.013496366827785518 -1.3906856805695622
0 S314 -1.1283901261227369 0.63238987058238638
0 S315 1.2443104146829496 0.49107197764974436
0 S316 1.2713602035892808 0.69985088715265842
0 S317 1.2083704245613276 0.62179627310709285
0 S318 1.1457766129443709 0.7329767800478072
0 S319 0.02455756245405278 -1.456461861587856
0 S320 -1.076662875701178 0.62046560338924994
0 S321 0.023427025657935769 -1.7488065849212
0 S322 0.080175001428812231 -1.6148393226255244
0 S323 0.1099555740239183 -1.3880979367694586
0 S324 1.3074373659584066 0.6677860309001622
0 S325 1.2182608096274095 0.64251363931241945
0 S326 0.12111883051538336 -1.4309582748794882
0 S327 -0.048760791968736228 -1.574740754520277
0 S328 -1.0190219571591941 0.45368748758455851
0 S329 0.059162088149510857 -1.5935719056661009
0 S330 1.3631462759942505 0.63990557179948881
0 S331 -1.2610470177317552 0.68361610466656586
0 S332 -1.1735665503136605 0.67456172076397602
0 S333 0.047358390821037613 -1.4355355372817227
0 S334 -0.048358882648252124 -1.4684881953603786
0 S335 0.13340038448791422 -1.4874257390073988
0 S336 0.052731054965215053 -1.5045600439705504
0 S337 0.070240382797285381 -1.4985721345159342
0 S338 -1.1233611938751777 0.51887613887921546
0 S339 1.2548202561875914 0.61268167861617717
0 S340 -1.1390269509497708 0.73838558899052398
0 S341 -1.2180827472829723 0.72768416266253921
0 S342 -1.1441008709023219 0.76510177164672499
0 S343 0.081835201147278422 -1.447645603386017
0 S344 1.1250977067576218 0.68403676569700689
0 S345 1.1910256240360346 0.70500326115219281
0 S346 -1.1218132656875666 0.71280559247484354
0 S347 1.2947297574331791 0.62147624489932773
0 S348 1.3189875312536412 0.66492054355238828
0 S349 -0.0035566934674823745 -1.4979105395960057
0 S350 0.073297316595069092 -1.5347351798089981
0 S351 -1.1348151800825372 0.64363227375820309
0 S352 0.025969597057249272 -1.5095758766576748
0 S353 -0.010573907996848961 -1.4787259853869408
0 S354 1.2704801727118424 0.64154545358124582
0 S355 0.059075641688496057 -1.4754846395872734
0 S356 -1.1634294296991579 0.69197108102951288
0 S357 1.2583781899100004 0.70901396559468111
0 S358 1.2724490325965931 0.76733473645847972
0 S359 -0.03193103962976724 -1.373781465981589
0 S360 -1.1985829971904585 0.58252744762555553
0 S361 1.1930885295503604 0.67260776444077386
0 S362 -0.97321358388186252 0.69505030652381394
0 S363 -0.021128276358719642 -1.5004976251999225
0 S364 1.1236237236821465 0.73193236486193114
0 S365 0.028331942036531516 -1.4841291210015348
0 S366 1.1804265981662232 0.73103750092196129
0 S367 -1.1025365094129589 0.69481220539375821
0 S368 -0.019418974622979739 -1.3401534050472717
0 S369 1.3889660020888297 0.66803252203963548
0 S370 -1.2498517218948029 0.80479764715866164
0 S371 -1.1100050079877659 0.5943567020309154
0 S372 -0.14279551979579774 -1.4729495181926573
0 S373 -0.099558900902956313 -1.3623005096496168
0 S374 1.2990760525245022 0.70166150397499338
0 S375 -1.1215130757206822 0.78455987888505085
0 S376 -1.1318679769580282 0.63123126487688963
0 S377 -1.2410395973535888 0.73093164144073064
0 S378 -0.086744223543149729 -1.5773218697113756
0 S379 -0.97986625927036242 0.68571860977363608
0 S380 1.262202534912344 0.77977991382296674
0 S381 1.3845159539339889 0.69520125241767394
0 S382 1.2573451376782876 0.59758729269641198
0 S383 1.1826255253558791 0.56991736453652908
0 S384 -1.2492018892532917 0.68175887833244042
0 S385 -1.1631386966536177 0.58023797722004566
0 S386 1.2309275295342801 0.65470501070868892
0 S387 1.2658852781180066 0.687248964010159
0 S388 0.01472307763014216 -1.4726339997353977
0 S389 -1.0589108913345551 0.66922608023400387
0 S390 1.19344500362519 0.78962018672689316
0 S391 1.3687789817051208 0.63109666446475821
0 S392 -0.097726196458686035 -1.5083761789222541
0 S393 1.1830924749725458 0.7876662252572223
0 S394 -1.118857782288645 0.73449155725136339
0 S395 -1.2118580391045981 0.7261713554270951
0 S396 -0.10517185177675135 -1.5768299554457978
0 S397 0.020548864959156893 -1.5240930489891584
0 S398 -1.1287753172903614 0.7918245033366057
0 S399 -1.171262593336341 0.62741837044330095
0 S400 1.2691727784596962 0.71875081006137664
0 S401 -0.027054071224210802 -1.5213538027462061
0 S402 0.056977776548222517 -1.4950868964700785
0 S403 0.10095072240558554 -1.4361758067103589
0 S404 0.012094418638352658 -1.6211305662032107
0 S405 -1.1457641069236146 0.78690560824740163
0 S406 0.075203261998623136 -1.4972680409946462
0 S407 1.2246623321117944 0.72654513290644862
0 S408 -0.049134150514372886 -1.5597759034639829
0 S409 -0.0070895403181927032 -1.4015451948278341
0 S410 -0.067746311271552423 -1.5122905845206946
0 S411 -1.1488142788911015 0.63034614231363673
0 S412 0.0045940935030080229 -1.5636887380556126
0 S413 1.3415984074445582 0.69802794839591353
0 S414 0.062696230807302966 -1.6190001021769964
0 S415 -1.1211813900961063 0.72531908194569894
0 S416 -0.99655977806025531 0.80176442899985689
0 S417 -0.074763202589654798 -1.491835242131313
0 S418 0.14002785593280748 -1.4494817259586568
0 S419 -1.1108229975514254 0.7042570694138478
0 S420 -1.268094407510739 0.59529394786034195
0 S421 -1.2548897413229916 0.71608809902298853
0 S422 1.2704390368679017 0.6101733280210544
0 S423 -1.1141664226495787 0.61791150753874791
0 S424 -1.1493033172290461 0.73564201328631007
0 S425 -1.0222120361343716 0.61275357795162388
0 S426 -1.1567614890030864 0.62439628769118993
0 S427 1.2699243437555188 0.64644568626721277
0 S428 1.3912199952537196 0.67308446584027282
0 S429 -1.2505147856600947 0.74715371052870749
0 S430 -0.024932414306558025 -1.3953488102618927
0 S431 -1.3367579559480192 0.62758142129686245
0 S432 -1.1530509441610384 0.58916391927454437
0 S433 -1.1052291572139161 0.6321322081131564
0 S434 -1.0455872537032922 0.613150805464593
0 S435 1.2359054439457935 0.65978462819438699
0 S436 0.072905258542871706 -1.5260158318094335
0 S437 -0.019734145919008225 -1.4134483474735204
0 S438 1.226358303802378 0.71555606242409131
0 S439 1.2887103464980245 0.6889953809849928
0 S440 -1.1265913690004916 0.63878671211113269
0 S441 -1.1774614008167477 0.59102100571415339
0 S442 -0.059552138002418716 -1.2940246105955275
0 S443 -1.1132259444363142 0.73676758072209581
0 S444 0.072073403444765205 -1.5746117026409743
0 S445 -1.1143902687407157 0.63573892087028894
0 S446 -1.2495841559746486 0.61351115740690165
0 S447 1.201975225813001 0.66103808473106851
0 S448 -1.1697336585424187 0.67137888095256015
0 S449 0.07336730548038202 -1.4191714345992656
0 S450 -1.1032063824766891 0.67584022002280975
0 S451 -0.015960971028748019 -1.47916915126502
0 S452 1.2637459775862798 0.6964819460614653
0 S453 1.1455137378770592 0.73443989222400341
0 S454 -0.017134851726125777 -1.5864464622072039
0 S455 1.2952274996427029 0.70275780980696401
0 S456 -1.2095064427066069 0.65327654310170269
0 S457 -1.1235334213137718 0.67387401281030501
0 S458 1.281369122008772 0.68431071424218048
0 S459 0.011766643526497825 -1.4404605032930999
0 S460 1.212651807749678 0.7476325323903904
0 S461 0.045799551283298601 -1.590444694848244
0 S462 0.031567062869703844 -1.3745146879604031
0 S463 0.015429506134964551 -1.3734441057177691
0 S464 -0.019318359584787764 -1.3641845124126333
0 S465 -0.021336601170159172 -1.3827201783204319
0 S466 1.2528398987390197 0.55511411759989737
0 S467 -1.1756149452117393 0.7287536943505315
0 S468 1.2067402215812049 0.61029664242094706
0 S469 -1.2615082832549251 0.52538229172298623
0 S470 -0.11883596555105483 -1.5189760581005183
0 S471 -0.033000714569120716 -1.5024514170415959
0 S472 0.17168165233163757 -1.332388768576698
0 S473 1.2767704040946084 0.77693040142327041
0 S474 -1.2350766804863638 0.68061838484441473
0 S475 1.341865941340417 0.67067531895678245
0 S476 1.1726155212503391 0.50749941068888438
0 S477 -1.2149741504914793 0.53669996728259239
0 S478 1.2190640803892676 0.63742364463604784
0 S479 -0.043306205258695427 -1.586490825405003
0 S480 0.016761913008063317 -1.4970953113981778
0 S481 1.2490014272575578 0.70093013686543171
0 S482 -1.1499006836301144 0.62321662278551326
0 S483 1.2023274956476262 0.65944030160602551
0 S484 -1.2976288189478438 0.76136827927410422
0 S485 1.176224559524365 0.52589188452593794
0 S486 -1.2821247456969824 0.6209662034904383
0 S487 -0.11075248287274173 -1.3312194005434348
0 S488 -1.297377190729063 0.732816120645431
0 S489 -1.0917846577983665 0.63752094560204997
0 S490 -1.2250876940635222 0.67720554262615118
0 S491 -1.1827442913976671 0.82359170473986765
0 S492 -1.1771336679022215 0.69002205449082599
0 S493 -1.1330259333904933 0.62765496564826295
0 S494 -0.021418061231528233 -1.4748838831811069
0 S495 -1.2470992899207292 0.65683984801893436
0 S496 -1.1498695499862204 0.60635094892071195
0 S497 1.2225570402639623 0.60462855912561952
0 S498 -1.1400560577000507 0.60498263730428214
0 S499 0.044219437322885767 -1.6152264548309534
0 S500 -1.0252398046382458 0.6443095891773083
0 S501 -0.011964630458022613 -1.374910739252402
0 S502 -0.038692122578752132 -1.5529133933180292
0 S503 -1.104986575826969 0.61704064601576369
0 S504 1.2022797062920503 0.65320202781979797
0 S505 1.2691050930632184 0.73398012093940812
0 S506 1.2215305985657483 0.68987273653674386
0 S507 1.3482154590541633 0.63433227372807943
0 S508 -0.021392428283641005 -1.4956964217233006
0 S509 -1.1399502079235324 0.6232267226533702
0 S510 -1.1674321814462796 0.68738463496679159
0 S511 1.3113567235175019 0.66771288276192542
0 S512 -1.1905110509500816 0.65409727029381615
0 S513 0.040343163511781327 -1.4357464121341401
0 S514 0.084306319478550662 -1.4106375854985835
0 S515 0.035293666325928306 -1.4723217950969933
0 S516 1.2959412946004529 0.7217672626499706
0 S517 -1.1379755024192468 0.62550940040402736
0 S518 1.2448971135628251 0.68294668879915232
0 S519 -1.1250218627296882 0.70555486016050084
0 S520 -1.1113284141044901 0.80350374743360542
0 S521 -0.99283334698096926 0.67409951663094514
0 S522 1.1575725611922225 0.69154756498922054
0 S523 1.2534451128661497 0.76521603718960618
0 S524 1.3555880693612301 0.60948117689810033
0 S525 -1.1627295759419296 0.70007219317725033
0 S526 1.1754687984389771 0.78161065292505072
0 S527 0.057896794697689262 -1.5091789248512948
0 S528 -1.1483648882841078 0.67619124728909874
0 S529 -0.052519335584162087 -1.4752074716223704
0 S530 1.3013658743639025 0.70904571324129662
0 S531 0.11053816356076313 -1.6338018411263036
0 S532 -0.073743116382348622 -1.4346513491821398
0 S533 1.2098901038976055 0.58950447886707869
0 S534 -1.1788501128407356 0.68408299890936841
0 S535 -1.2038570410937468 0.55756383983094826
0 S536 1.3235914785039853 0.64892643611922363
0 S537 0.035123573831695822 -1.5634876545875651
0 S538 1.2397171001438043 0.68694309054426383
0 S539 -1.1623089299245535 0.87099782879758603
0 S540 -1.1461772422903103 0.58523502621296442
0 S541 1.2481770013565412 0.6676174552177353
0 S542 -1.2053888412630791 0.67734014074233073
0 S543 -1.2181859469045064 0.63050623769205805
0 S544 1.1972791024990463 0.69050247281541277
0 S545 -1.1602092666370856 0.60137519128825201
0 S546 0.0075060554768047539 -1.3950385102737526
0 S547 1.2801659862696324 0.65716929862771567
0 S548 1.3079878729608425 0.67289075211429794
0 S549 1.2297230781471842 0.69805091086090409
0 S550 0.073423728805699529 -1.5323748904269321
0 S551 1.1839942034309283 0.70439529271961787
0 S552 0.091857394903462383 -1.4974542404901594
0 S553 1.212137791352099 0.8158945044954875
0 S554 -1.2257067371393366 0.64406659115017006
0 S555 -0.06668195373986209 -1.5465605992537927
0 S556 -1.1056150275790746 0.57059633491368511
0 S557 -1.1819903472912696 0.61634337597082611
0 S558 -1.1450566043710446 0.71146760632117856
0 S559 -1.1178782714336755 0.66484389543680844
0 S560 -0.0076438938769789137 -1.3951559361859756
0 S561 1.3730348136185329 0.66339098865932788
0 S562 1.1918236601315721 0.59555791342261266
0 S563 -1.365467916832751 0.5674241977622424
0 S564 1.3060452857141074 0.56088070593520623
0 S565 1.2994449476931356 0.62599384312323758
0 S566 -1.1273841185194919 0.64864048549478315
0 S567 1.3107756059002735 0.73778047831820381
0 S568 -1.2579594940955643 0.81517526289458342
0 S569 1.3208260091140649 0.59237410806704438
0 S570 -1.18575545689495 0.70227564510251794
0 S571 -1.0930037585799852 0.77285185780526433
0 S572 1.1906025473381705 0.67010257161322839
0 S573 -1.154965572745672 0.61503711529431893
0 S574 1.3381093613532187 0.69828942982188391
0 S575 1.2765067559255279 0.65274983356053584
0 S576 -1.1676658975907026 0.69804209402076589
0 S577 1.2012672543951906 0.69852187609309646
0 S578 -1.1877113790250085 0.68498251723235326
0 S579 0.02778053173134927 -1.3893723499976585
0 S580 -1.1487727492523172 0.61808498803674639
0 S581 -1.061161729620151 0.65414630908540272
0 S582 1.257446041579839 0.60587676875433827
0 S583 -1.1616348889770365 0.70889429336669751
0 S584 -0.069881831576691381 -1.5204401106486882
0 S585 -1.150125624903559 0.74944298735100046
0 S586 -1.182831752474049 0.70006852151030796
0 S587 -1.0792355934304432 0.65633531163396674
0 S588 -1.1662050768351171 0.66533560724691754
0 S589 -0.072855318765995089 -1.3864990334981671
0 S590 1.2627525206468497 0.6067344578501721
0 S591 -0.013587462874781098 -1.4725497087869368
0 S592 0.039553315620029166 -1.4936588362735435
0 S593 -0.016026503683589707 -1.599587035413286
0 S594 1.1955824667395032 0.65348944198883396
0 S595 0.06512139009616516 -1.4984205375360613
0 S596 -0.08436685020424689 -1.4977479968420779
0 S597 1.2667319176715055 0.74414560064243185
0 S598 1.1719591595853074 0.66286903772708317
0 S599 1.1832355382464113 0.71550346664825359
0 S600 1.2265546414629822 0.65833537666402464
0 S601 -1.2184739312359791 0.6356861936838839
0 S602 1.2957482625804884 0.66156546985331199
0 S603 1.2823782345521446 0.69093701830303422
0 S604 -1.2170886597536579 0.63441941258969115
0 S605 0.21700515405975029 -1.4800847352885556
0 S606 1.1844093093147661 0.67030266864114718
0 S607 -0.011929391780997872 -1.4760680688780115
0 S608 -1.197908743698008 0.67107205428187422
0 S609 0.1426929790533488 -1.4902936722860409
0 S610 0.038036552846576352 -1.5383135881318208
0 S611 -0.099221366736107444 -1.4461076197069433
0 S612 -1.0851898859753579 0.63442150407408637
0 S613 0.0069214425323347664 -1.4546137909722225
0 S614 -1.1649855128698916 0.62445543555309535
0 S615 -1.215229585241558 0.65685208862878319
0 S616 1.1009115127676743 0.72780701040177453
0 S617 -1.1036352378569652 0.7949671786389404
0 S618 0.059860370329167148 -1.5537875091103444
0 S619 -1.2734535940680529 0.67709170502571836
0 S620 0.0076145483140772777 -1.5073702663014295
0 S621 1.1677123657888466 0.64448622286527302
0 S622 0.093557897233702392 -1.5265917430703528
0 S623 0.11112888740225561 -1.4315251183741831
0 S624 -1.0058659772911163 0.69289703592779173
0 S625 1.2391473500077335 0.50591845998801288
0 S626 -1.1441999522064044 0.59520795755286082
0 S627 -0.040514137539873873 -1.5698669579173077
0 S628 1.2079494013889367 0.63614732801710971
0 S629 1.0945571045856215 0.59903176634086508
0 S630 -1.1855434083882952 0.71261607355316636
0 S631 -1.1876730235736015 0.51985428222854868
0 S632 -0.097205049302127089 -1.5698895148727001
0 S633 1.2383888130363334 0.72529671626071801
0 S634 -1.1490851253916265 0.66060180347960595
0 S635 -0.035256804532000668 -1.6000331537196606
0 S636 1.3320494770501463 0.57110954804846659
0 S637 -0.056931098257081474 -1.308510508841733
0 S638 -1.2447023895385265 0.6309928097009887
0 S639 1.3189195419027304 0.80270487183365913
0 S640 0.045194917670009258 -1.3976784233284512
0 S641 -1.1146409305712355 0.61311576892491548
0 S642 1.1647828796961859 0.71524509580076967
0 S643 -0.0020102515330040951 -1.5296992645530934
0 S644 -0.022494330597234179 -1.4579557128361516
0 S645 -1.0375139600416583 0.62770710096120186
0 S646 -1.3084345515615576 0.77198864977495463
0 S647 1.1686353422040177 0.60206603818107074
0 S648 -1.1648219143023635 0.74088263306117363
0 S649 1.2770277689694989 0.77366141240545472
0 S650 1.2987273702789452 0.70307357164298945
0 S651 -1.0454785056767022 0.75473654701706472
0 S652 -1.1345859992089711 0.62730482115856134
0 S653 -0.033039063908493371 -1.4603055449729745
0 S654 -1.2932143546089052 0.64210691466361147
0 S655 0.02274624867419622 -1.5340760363300994
0 S656 -1.1917085089133332 0.65897948021186048
0 S657 -1.2272888147832648 0.57130401182721691
0 S658 1.2701419123760465 0.58521750898953639
0 S659 1.3089413895652389 0.67962409942247015
0 S660 -1.140550732456697 0.65485461574177339
0 S661 0.046863096760835429 -1.5260946204751493
0 S662 0.067556061373983706 -1.5603769580016087
0 S663 1.3645418642130724 0.73615062272466525
0 S664 1.1435952727756595 0.62905850306632993
0 S665 -0.063421677438098747 -1.5320192316470065
0 S666 -1.1286907517148188 0.64761268312104969
0 S667 1.2501068889065219 0.71481779874616058
0 S668 0.025979271882755939 -1.3948551834382785
0 S669 0.0044455722910911261 -1.4911520852197946
0 S670 -1.1550580735043963 0.61293541421230879
0 S671 -0.0093062312327088434 -1.4507570176079314
0 S672 1.3126087431396307 0.89108932610585201
0 S673 -0.059736085732024408 -1.4913059954871215
0 S674 0.054230590613332852 -1.5874445004210052
0 S675 1.1910467346986024 0.74001625190093034
0 S676 -1.2054091377243348 0.61130576433091022
0 S677 -1.2286634893482709 0.56059538899893113
0 S678 1.1603664161914471 0.64649285973324544
0 S679 1.2823826459721313 0.61735477919732717
0 S680 -0.096815955105358578 -1.5550672966522729
0 S681 -1.0752793688366442 0.6494918081478066
0 S682 1.1913854643180957 0.67383583587802121
0 S683 1.1582592787289787 0.62376257849444638
0 S684 -0.0094926545281448782 -1.3308019196463408
0 S685 1.2395363807340045 0.56365623185351532
0 S686 -1.1448399858205316 0.64877408915059809
0 S687 1.2041256099465596 0.57784809330319487
0 S688 0.025785020198941296 -1.353484727765234
0 S689 -0.038636082123265782 -1.5121016425165339
0 S690 1.2257370061799293 0.62998914316925314
0 S691 -1.1970452107889498 0.73800508304086998
0 S692 -1.1562255554901233 0.57498336087232271
0 S693 0.081164399786513713 -1.5253118667533232
0 S694 -1.3179254673814838 0.61175805298101626
0 S695 0.090086253157285981 -1.5127803893136602
0 S696 0.0049947661404423681 -1.5882324863118349
0 S697 -0.017572536409057832 -1.5021493100240926
0 S698 1.1817132628986475 0.59922681185606896
0 S699 -1.1505293628790896 0.73436946938145087
0 S700 1.2456625316209096 0.64337124262928014
0 S701 -0.0078997718409012565 -1.4005908680349763
0 S702 1.3633712733239829 0.65049579425169224
0 S703 -1.0867992343720796 0.6249826045439506
0 S704 0.040910466367826519 -1.5111374605002099
0 S705 1.2032413701790325 0.75891613357971355
0 S706 0.018783332815502953 -1.3870425044268992
0 S707 1.1670170572614176 0.58972600979345746
0 S708 -0.045922150334520198 -1.6408624527983107
0 S709 0.073227161276338271 -1.433971215809744
0 S710 1.1970482048871691 0.63391105081456012
0 S711 1.2276564646325996 0.54525050722574853
0 S712 1.3161927580183685 0.58777282043008261
0 S713 -1.2358915017450089 0.66152093017633007
0 S714 -1.1092271511838678 0.46963832814543455
0 S715 -1.2665450687633282 0.62787692543987428
0 S716 0.12849691345032216 -1.4387225347494141
0 S717 1.2468386874123896 0.71811927090920735
0 S718 -0.035378100057989526 -1.5362376162202365
0 S719 1.2515657896995396 0.81282736454010129
0 S720 -1.2386824903720348 0.72204590225243193
0 S721 -1.1718096131339746 0.58866953580672687
0 S722 1.2952153713682417 0.74142599330359671
0 S723 -1.228057058149203 0.64348535187066269
0 S724 -1.1296262157601018 0.58370735324377798
0 S725 -1.1705764953719644 0.67902314523923379
0 S726 -0.036475189840906051 -1.5810389920996992
0 S727 1.1922153586025148 0.65113980470010557
0 S728 -0.054605374693156648 -1.5130029473051199
0 S729 1.2179272335476241 0.76478760449889405
0 S730 1.3353963882657158 0.70316734637168743
0 S731 1.2143056098173923 0.84288872099658785
0 S732 1.2422278163174203 0.62514284700933087
0 S733 -1.1254245372200136 0.71542733322965124
0 S734 0.0060119401192719382 -1.4854940920326649
0 S735 0.089517641174309021 -1.5188245174165873
0 S736 0.050876182836409219 -1.4328775471632886
0 S737 -1.1690539227116599 0.66818521882962545
0 S738 -0.0455808024486287 -1.5043906708143302
0 S739 -0.010802083014209016 -1.5288053607172465
0 S740 -1.1818767333439073 0.59398000341739587
0 S741 -0.00024005621154751672 -1.4133590708821755
0 S742 1.3521245139084501 0.68957648804730209
0 S743 -1.1480059688726785 0.70115450655552136
0 S744 1.3367416417222198 0.56816382295100698
0 S745 1.330607962912838 0.6736941778936858
0 S746 1.2506748736382181 0.6500303751004548
0 S747 -1.2044101980969284 0.58210015379478941
0 S748 -1.1681548834084905 0.60318836287551936
0 S749 0.028400688006511215 -1.3919993078664761
0 S750 -0.049330965891198467 -1.4717602999872963
0 S751 1.2962606767971228 0.62271756399068301
0 S752 0.025149630906839554 -1.5464422275128351
0 S753 1.1758771613451062 0.83943317217617275
0 S754 -1.1767592716988216 0.77123712791986843
0 S755 -1.1865378680713887 0.73660644124607588
0 S756 -1.2598895609766221 0.64244242211409119
0 S757 0.14674041343381641 -1.5495066936186532
0 S758 -0.025229505957958049 -1.4591601072991665
0 S759 1.1758567209061759 0.64934840181297193
0 S760 1.3004840354401599 0.6826734065779817
0 S761 -1.2031158497750918 0.7190964601453641
0 S762 0.075964507427209726 -1.554283383115004
0 S763 0.036721118137966358 -1.4124623272717221
0 S764 -1.1259214838166258 0.6060509511521166
0 S765 1.1784090966104992 0.85836587429914779
0 S766 0.025878600904517726 -1.4592836776172664
0 S767 -0.061561922734533481 -1.5830473890353343
0 S768 1.3422646589153124 0.56659097494741972
0 S769 -1.2829033587492735 0.68916020790019206
0 S770 -1.1631123266591534 0.6092834411467325
0 S771 1.1974393080804513 0.63322003742679878
0 S772 1.3402819814884881 0.62116798395014916
0 S773 -1.3047572720686733 0.72564221393009454
0 S774 -1.2289559110278099 0.73376838323195914
0 S775 1.2468804400805185 0.71660192032521508
0 S776 1.1721229766863439 0.57231767094809882
0 S777 -1.1431875995382579 0.70234968447706803
0 S778 -0.027378632238238616 -1.419230776461174
0 S779 -1.0962340419898016 0.53651626510310979
0 S780 -1.1432222657101441 0.66050937075466709
0 S781 -0.94290949962007675 0.63887740391879344
0 S782 1.2438333314149264 0.65183534460412773
0 S783 1.3458102632010713 0.7615827199205687
0 S784 1.0706940568578105 0.68966750170457691
0 S785 1.2916173468492875 0.61147224406359879
0 S786 1.2917345919578747 0.59993701938765853
0 S787 -0.13992073596373317 -1.5672385473640769
0 S788 1.1594040790240188 0.66109991025311476
0 S789 -0.069458635941886046 -1.605435586743212
0 S790 1.2554774159728515 0.78020371090505436
0 S791 1.3224877650648337 0.54550292181168847
0 S792 0.060701894437138096 -1.3980843410251198
0 S793 1.2026064019500033 0.83476019247105249
0 S794 -1.1962627011975735 0.78779615053151453
0 S795 -1.0703039709777789 0.58994965389441423
0 S796 -1.1481269538162113 0.64643164282868237
0 S797 -1.1695334529246186 0.78057579500790919
0 S798 0.08312544590950105 -1.4791340028165065
0 S799 -1.0662336149238238 0.63828990174326794
