0 S0 0.70263532528579442 1.2760696377783374
0 S1 -1.4681985388329146 -0.18423617206642656
0 S2 0.63181961121543351 1.2802911435064925
0 S3 0.79550360336554138 1.2700215148884411
0 S4 -1.4910142092146064 -0.1054459827228635
0 S5 0.60565420291167171 1.1235217006760687
0 S6 -1.5422915890676621 -0.10182832388403544
0 S7 0.52234471055164133 1.2563385082557734
0 S8 0.73266041581157293 -1.2850213897904645
0 S9 0.65786217230252908 1.1726356826176099
0 S10 0.77684988797885235 -1.2157580756563289
0 S11 0.71231594442179935 1.317096317277318
0 S12 0.89521304922086553 -1.1956628764491681
0 S13 0.61954025308551808 1.2426092813963274
0 S14 0.64361550623266761 1.2764081044836839
0 S15 -1.4041332620294533 -0.038697163276583728
0 S16 -1.4867720232283774 -0.11316253576469842
0 S17 0.72120002473979106 -1.3332867369658725
0 S18 0.79904249047865461 -1.1332921270565435
0 S19 -1.1699909095411996 -0.18030042080542713
0 S20 0.67652789074454578 1.2658637917509905
0 S21 0.69947702148340563 -1.2371669666649432
0 S22 -1.4333115099553912 0.033339972744998655
0 S23 0.52590727608195931 1.2412267912757871
0 S24 0.66850656710918088 1.0998453718241772
0 S25 -1.3970672775829573 -0.14407225185777262
0 S26 0.96619703490963671 -1.1267499167947657
0 S27 -1.3615455257053768 -0.05991732966022828
0 S28 0.80289541590538771 -1.2184414197881432
0 S29 0.60561994019728438 1.2498144192462564
0 S30 0.50679036776380071 1.3002240688537721
0 S31 0.65720390555574015 1.3634599929637026
0 S32 0.81881778746205858 -1.2539637348433677
0 S33 0.61915552718100564 1.1584126449775138
0 S34 -1.4187990921784739 -0.29771664263363895
0 S35 -1.4492843886827349 -0.13734624106833243
0 S36 0.5151339963463456 1.1678500228344662
0 S37 0.76895714633660639 -1.2569351870291667
0 S38 0.76352510828372799 -1.1403583257571783
0 S39 0.80640111135446557 -1.2174754800155572
0 S40 -1.3181194571367914 -0.18547127441581887
0 S41 0.72174656046774999 -1.0872417732835491
0 S42 0.61524998588274749 1.283759763098459
0 S43 -1.4048838959823873 -0.31449820628976488
0 S44 -1.3966079365175452 -0.10138973976466206
0 S45 0.74594675390402232 1.1815181330360958
0 S46 0.60373126399846655 1.251892302165907
0 S47 0.61322290595986939 1.232169924360337
0 S48 -1.4508534887065982 -0.058033296449091297
0 S49 -1.4488699987066211 -0.1975649397439832
0 S50 -1.3529523743990506 -0.032240835826294285
0 S51 -1.4613936634150066 -0.091725617169276019
0 S52 0.65250322860182042 1.2223562999602924
0 S53 -1.3456909448404337 -0.031467013027660889
0 S54 0.60538715273835997 1.2330130094086247
0 S55 -1.4929594114276803 -0.12707563688180956
0 S56 0.84563875732249727 -1.2967697176041666
0 S57 0.64521103327047669 1.2893694964714235
0 S58 -1.4111265873120649 -0.23227098786914199
0 S59 0.59970542175938357 1.2194326818874612
0 S60 0.72844019543126792 -1.1981100387561705
0 S61 0.63979528600977253 1.2432010972558905
0 S62 0.57890925030200435 1.2257385222563522
0 S63 0.90486167795025996 -1.1301946506640077
0 S64 0.73292438786378966 -1.248915954487291
0 S65 0.76069504714672131 -1.1676604343525774
0 S66 0.67516816609470143 1.3307209382987009
0 S67 -1.4129192875869889 0.027390450600958561
0 S68 0.60655365284087581 1.3264453708796304
0 S69 -1.395451887643538 -0.17352005646775084
0 S70 0.97219545138795183 -1.1920316319909965
0 S71 0.62361891958910665 1.2302532471544756
0 S72 0.49645570774182202 1.3901564057744746
0 S73 -1.3414675994184158 0.052860727307871343
0 S74 -1.3659786249163008 -0.034465322151609606
0 S75 0.84748449836305584 -1.1392511466922857
0 S76 0.58914303793975575 1.2889147984966087
0 S77 0.75102306401191499 -1.2269217150777096
0 S78 0.47929077987113722 1.1619852323978956
0 S79 -1.2997311745092253 -0.17311075182253716
0 S80 0.57848923768519989 1.3353238365765934
0 S81 0.52446847329529334 1.2279088113664758
0 S82 -1.3674879996782534 -0.077421212030886713
0 S83 0.72018321261883356 -1.2466977069779757
0 S84 0.9293292472714505 -1.2197464107843523
0 S85 0.59181681722720847 1.2451187343162053
0 S86 0.94775909082135656 -1.1862083494770796
0 S87 0.57129105477584829 1.2417201486121121
0 S88 0.72833608453794196 1.2466022148845144
0 S89 -1.3810365122034323 -0.16637812293879134
0 S90 -1.30185191131334 -0.20295969008047252
0 S91 -1.3360344011262071 -0.13986454536132439
0 S92 0.64056736642478607 1.3772414135321613
0 S93 0.83456060052809955 -1.2965658533013584
0 S94 0.55436685121661922 1.3654810861792415
0 S95 0.59095239093005103 1.1490026317426085
0 S96 0.73305774167263404 -1.1284010781600484
0 S97 0.52259580624928348 1.3826068971463628
0 S98 0.79300764145377411 -1.2065340307610903
0 S99 0.87829331732552951 -1.1966996010951558
0 S100 0.77711612858848056 -1.1674984476898453
0 S101 0.58952918328619475 1.3193754928258068
0 S102 0.79950733443103872 -1.1719797121949977
0 S103 -1.3819214312738102 -0.025858631138616826
0 S104 0.91867396353148167 -1.1846899488138292
0 S105 -1.3956571293641657 -0.083881598726742557
0 S106 0.88688277565723173 -1.1819645536151062
0 S107 0.66072599417913791 1.1676611579802998
0 S108 0.56084150225560414 1.2300230952241731
0 S109 -1.4718704727722831 -0.09253250505760216
0 S110 -1.3784291160443973 -0.19465638079654093
0 S111 0.49258505789152668 1.147126992147379
0 S112 0.53379490089968051 1.3012082904409163
0 S113 -1.4723592451340402 -0.096807603930665426
0 S114 0.71621391681039714 1.2954355411362528
0 S115 0.84251463167227547 -1.1928103912741943
0 S116 0.79818566090768817 -1.046467792620535
0 S117 0.84169792664041843 -1.2452865243168705
0 S118 -1.4110135587091122 -0.10400416151147808
0 S119 0.89117400546233949 -1.2896548056902057
0 S120 -1.4073331304263952 -0.27538201841633858
0 S121 0.57214249011056773 1.4031971238769259
0 S122 0.57739365677557719 1.2833734216036694
0 S123 0.82841186291814128 -1.2117261421048235
0 S124 0.89811947052316277 -1.172764416069058
0 S125 0.53091126029270141 1.2433371219036593
0 S126 0.61413922802876564 1.1943428234191498
0 S127 0.63023268168493995 1.2430671835298341
0 S128 0.56784615594223109 1.2347676801717002
0 S129 -1.4582308326458657 -0.1952396211168711
0 S130 0.81537800227985546 -1.1605624217922057
0 S131 0.69314642731270337 1.1768800360484788
0 S132 -1.2423264213879899 -0.124400547926344
0 S133 -1.3514301475014339 -0.087406594716051264
0 S134 -1.2564636436271237 -0.17696859455860181
0 S135 0.91845728017342709 -1.31096734661283
0 S136 0.64254401945054296 1.3133962065723099
0 S137 -1.4869343766888941 -0.24077673732530344
0 S138 0.53286882029476401 1.3517271822019223
0 S139 0.60583006289870689 1.2487131548255201
0 S140 0.88748586345832237 -1.2367167229979119
0 S141 -1.3977697738137709 -0.098396900806257265
0 S142 0.68447246852065979 1.3062456343215447
0 S143 0.70662220105832918 1.2571823198813845
0 S144 -1.2980304194602434 -0.019777448147420388
0 S145 0.59425051229425263 1.1925663044915684
0 S146 0.75711223249671267 -1.1830662115332449
0 S147 -1.37942257358729 -0.16479757797767058
0 S148 0.63980290204045209 1.2677042297498824
0 S149 0.91970199566927946 -1.2204077123967247
0 S150 -1.469454827524588 -0.098377015591121525
0 S151 0.67898559663814639 1.2374198698458105
0 S152 0.69412258424269602 -1.2076737202091516
0 S153 0.80036912230103985 -1.1162133842268118
0 S154 0.82320460592122746 -1.0704268485156005
0 S155 -1.4258319946789424 -0.12794487515179118
0 S156 -1.4523984757463213 -0.13431907101481538
0 S157 -1.4275580884678214 -0.15293235777204373
0 S158 0.782005730567505 -1.1400756268248662
0 S159 0.78529080519642191 -1.0573739164706912
0 S160 -1.324305026507147 -0.21058046865069155
0 S161 0.49786280495731589 1.2143406176463614
0 S162 -1.3537530348298412 -0.16457553624687329
0 S163 -1.333929207320927 -0.16118354193748008
0 S164 0.72342848144004346 -1.1837322660432208
0 S165 0.85374033784454462 -1.1867751167198362
0 S166 -1.4061993404799744 -0.27304010913114674
0 S167 0.54896130957997202 1.0954230244040297
0 S168 0.95542939127204185 -1.2383209860388327
0 S169 0.56984575417362981 1.2465557567639469
0 S170 0.50506108813808437 1.2706087124781584
0 S171 0.87529230353275811 -1.2333639946385606
0 S172 0.78364085839184761 -1.3570448480905664
0 S173 0.86852913816743926 -1.2793500497884127
0 S174 -1.4390921733114539 -0.18124683245556131
0 S175 -1.3614522747068474 -0.18522449243981531
0 S176 0.65058680293163762 1.2003654035164808
0 S177 -1.3016263447029754 -0.17773268571279124
0 S178 -1.4331415719462288 -0.11478981843247837
0 S179 0.88077186238711669 -1.1742452379262582
0 S180 -1.4231467546423391 -0.14862606688290897
0 S181 -1.4178344657471103 -0.098767493222703576
0 S182 0.59959603477494383 1.1546950483949701
0 S183 -1.2889047850330611 -0.11920833975853384
0 S184 -1.3540738742877982 -0.17039083844822406
0 S185 -1.3602309847743475 0.071372479920424892
0 S186 0.72506949180805269 -1.1837248390946231
0 S187 -1.4125929177652417 -0.087682952182074086
0 S188 0.60079749114108627 1.2587715413457521
0 S189 0.98292776080483557 -1.0906864060735737
0 S190 -1.2566368518539375 -0.23330619552750423
0 S191 0.56318692194026199 1.1057575818908094
0 S192 0.94221080886349851 -1.1374489222004762
0 S193 0.72169659417795851 1.0836565488675112
0 S194 0.92281726867329328 -1.1217034433218283
0 S195 -1.3629904351412787 -0.082878656455517605
0 S196 -1.3310009181145055 -0.30340438235721284
0 S197 -1.406210914499098 -0.23173311337221864
0 S198 0.79100480669665252 -1.2023933887059473
0 S199 -1.3370729117194724 0.094002550500884449
0 S200 0.79877360474490933 -1.2746228016865437
0 S201 1.0590278664710913 -1.1907633524663122
0 S202 0.67008941295930746 1.3625291846451995
0 S203 0.75242185389248695 -1.0891470872440405
0 S204 -1.3883617877856307 -0.19976629770037108
0 S205 0.52398583006628086 1.3184637158037664
0 S206 0.684777732619688 1.2931430919784297
0 S207 -1.3871409369757282 -0.096751268564245332
0 S208 0.53372737618979094 1.0917347929866723
0 S209 -1.4452310420995811 -0.2256008235328216
0 S210 -1.4356190791637793 -0.059854758774422104
0 S211 0.69723872930474484 -1.2665461514919352
0 S212 0.63367430538813552 1.2600595846609532
0 S213 0.84639933557515024 -1.0874362061335017
0 S214 -1.3587278040887969 -0.081027970934393581
0 S215 0.60291989190031037 1.2970215261503422
0 S216 0.9269153392471513 -1.2170206509000197
0 S217 -1.341636293249143 -0.10265408265080712
0 S218 0.55984871461273789 1.2849294047611346
0 S219 0.50057623738126278 1.1707309764108695
0 S220 -1.3490095414372634 -0.11790764550399192
0 S221 0.93222292776511295 -1.1595693430059768
0 S222 -1.4229126357519704 -0.18093413019027108
0 S223 -1.46675197548925 -0.17311777773601342
0 S224 0.59235206683942787 1.2890352838538881
0 S225 0.85078908390835339 -1.2530132944272876
0 S226 0.51445848852094367 1.3056694513156399
0 S227 -1.3813199934419333 -0.10856109521697253
0 S228 0.80735387160077365 -1.1111021520470505
0 S229 -1.5137300293703766 -0.07632227757532499
0 S230 0.39257846424428883 1.3061979955431398
0 S231 -1.3807300360140287 -0.050010604680366194
0 S232 0.82452318053925688 -1.217460501776874
0 S233 0.63879791913999573 1.2437792755042001
0 S234 0.8032833334815771 -1.0700749028892862
0 S235 0.88628233363424791 -1.2147250524025146
0 S236 0.63665212287792694 1.3250315329364575
0 S237 -1.4609833732874955 -0.15445209064479318
0 S238 0.79771556370830998 -1.1638006867713944
0 S239 -1.3149901716926367 -0.1033202261966318
0 S240 0.75302503963145229 -1.2018083187123734
0 S241 0.53465475091786041 1.2250062333554175
0 S242 -1.4078347054428797 -0.12283003027079942
0 S243 0.83578017424502715 -1.2523549275436567
0 S244 -1.4863882958358461 -0.063913306191170943
0 S245 0.78038257306896541 -1.2827971664478941
0 S246 0.80209965132867755 -1.1433055978690203
0 S247 0.69452469659205385 -1.2102215135385537
0 S248 0.89657595501270804 -1.1393853031405112
0 S249 0.91758228075329651 -1.2119727398489895
0 S250 0.79186603919821419 -1.0727597655879475
0 S251 0.82148857795135943 -1.2168265504949296
0 S252 0.90779982332003173 -1.0984274636636571
0 S253 0.86121586646678894 -1.1077469013205818
0 S254 0.80186165849911573 -1.0510905993399815
0 S255 0.65637481376828788 1.2349484216786832
0 S256 0.74294399322413573 -1.2798899753133111
0 S257 0.88166163620078231 -1.0643738898418211
0 S258 0.85182353261371968 -1.1555013897824702
0 S259 0.90725283399801437 -1.2242565222984729
0 S260 -1.3733699428164632 -0.21882530091224794
0 S261 0.85954370411011949 -0.96612617115539223
0 S262 0.97112963890946169 -1.1529971809777522
0 S263 0.71552527459055515 1.1531312138459135
0 S264 0.67593734520395832 1.3646119240885612
0 S265 0.47282165271644672 1.3545341423827002
0 S266 0.75754344376873117 1.3799816232707882
0 S267 0.59887548589286577 1.3624969995178191
0 S268 0.71687785993848752 -1.354536523288687
0 S269 -1.3556297792020529 -0.058650647808921388
0 S270 -1.2653626915979921 -0.10476695187765367
0 S271 0.55600310022474386 1.2084804289116431
0 S272 -1.4881085258907969 -0.11815461439947612
0 S273 0.60094885592422598 1.160679097858007
0 S274 -1.3241678998516064 -0.16833355634156311
0 S275 -1.2921505706889003 -0.095044585199476367
0 S276 0.71723629246295739 -1.1297584567916681
0 S277 0.48519892597134162 1.1448344633912872
0 S278 0.70503536403673239 -1.1817368696462323
0 S279 -1.278691478018376 -0.18912352081819112
0 S280 0.86441697547214158 -1.1608009318838513
0 S281 -1.3841120586112592 -0.11721184843020557
0 S282 0.872109899601061 -1.0881230812102034
0 S283 0.7801756784873638 -1.1016973254104507
0 S284 0.64138494280577996 1.2245083356951945
0 S285 0.53604953940478883 1.3718632663138572
0 S286 -1.4265841844256966 -0.065901107596068417
0 S287 0.48621485914291057 1.3108294035938379
0 S288 -1.4676309449834684 -0.26113338318741208
0 S289 0.59258306737141986 1.2135885831015931
0 S290 -1.4714203161249528 -0.14837607642884557
0 S291 0.73168067568277551 -1.2367857277455816
0 S292 -1.4854715328302293 -0.022285944007813217
0 S293 0.58377888285128299 1.1210035218072534
0 S294 -1.4383163992729198 -0.054079169397624111
0 S295 0.69845719390732097 1.1570779929988331
0 S296 0.78295732219577474 -1.0464388899863921
0 S297 -1.3542571714292022 -0.1448351088249919
0 S298 0.66688892827446355 1.3999960422551596
0 S299 -1.4626183468652389 -0.15460806189866433
0 S300 0.57559379756481632 1.2029982802132633
0 S301 0.87144741997650521 -1.3365454447581731
0 S302 0.88591396423791391 -1.1432811377418637
0 S303 0.50225466889847126 1.2839411442290407
0 S304 -1.2854111168676012 -0.053276797605487335
0 S305 -1.4208168369192336 -0.1380097447937399
0 S306 0.77398613011369011 -1.1034309672751494
0 S307 0.58099253680743779 1.1659232765003209
0 S308 0.65309854509190324 1.1142713373067252
0 S309 -1.3840164452194783 -0.0027796924302708284
0 S310 -1.5034033579557367 -0.23271713871240982
0 S311 0.56197511464565419 1.1933343243379568
0 S312 0.65178716108967694 1.3351324747489393
0 S313 -1.4108234555556303 -0.10388864992700385
0 S314 0.52826002114237081 1.1035056244369863
0 S315 0.91218763917964951 -1.0727226596446875
0 S316 -1.3242488526976861 -0.22104749987531389
0 S317 -1.329493483556432 -0.10736870034561501
0 S318 0.67494218584832466 1.0632964420704698
0 S319 -1.3478868098247732 -0.054524179738812364
0 S320 0.72337499276995343 -1.3170318571235144
0 S321 0.62974508512861593 1.2395263875642415
0 S322 0.6319082828821484 1.2980319354645384
0 S323 -1.3644400137146018 -0.18285687866841038
0 S324 0.64985403693581378 1.2476557997572526
0 S325 -1.5112393792817895 -0.14402976480327462
0 S326 -1.3490460417384216 -0.11899656000021785
0 S327 0.56556504725474033 1.3046394506332233
0 S328 0.75232187343227419 1.3055563657088725
0 S329 0.76858310514386319 -1.3460197115639958
0 S330 0.55431675877580266 1.3557058451236508
0 S331 -1.3684729774735445 -0.14180255861904614
0 S332 0.53897559513723114 1.2086886530651344
0 S333 -1.4404233005297817 -0.15006116942624032
0 S334 0.74104031697390316 -1.1753879368910349
0 S335 -1.3717085387705237 -0.07019757920746425
0 S336 0.87766012369164981 -1.1927130931380596
0 S337 0.8571718612257978 -1.1861299918668284
0 S338 0.9102601044029498 -1.1366214651591124
0 S339 0.63306961708509812 1.1933342094605557
0 S340 0.89931541864774811 -1.1725706415435624
0 S341 -1.4425475574919018 -0.077439713304545257
0 S342 0.82523320251458432 -1.1993752429864246
0 S343 0.76331273242792019 -1.1868449521759405
0 S344 -1.5026493951071807 -0.19680944331755648
0 S345 0.75267254409294837 -1.3396729844408015
0 S346 0.79098427033504648 -1.1641798153804876
0 S347 0.82173289338092348 -1.1244583050202288
0 S348 0.87192272132225623 -1.1451351968890118
0 S349 0.89907213127123653 -1.0977149138872264
0 S350 0.7290636997958666 -1.2914027647624258
0 S351 0.77155343173576374 -1.2117611586377108
0 S352 -1.3756273182640455 -0.11486493412706092
0 S353 0.59251390235089341 1.118623178507332
0 S354 -1.2781923606725085 -0.11425436099137218
0 S355 -1.5099401176865959 -0.020732316161413009
0 S356 -1.3717904447307514 -0.1795913019082237
0 S357 -1.5514522342125874 0.00073107984644033626
0 S358 0.76203212895766481 -1.2335164412349144
0 S359 0.6158880970062135 1.2992094806516448
0 S360 -1.4708758681448164 -0.094703601946336174
0 S361 -1.4141867571904798 -0.17352986889784289
0 S362 -1.4275344327948947 -0.13708219305077002
0 S363 0.60628581781456869 1.2021369157520907
0 S364 0.67233399895925816 1.2702070854754537
0 S365 0.55615337593077874 1.2277710493191116
0 S366 -1.393964778937659 -0.064995596771554309
0 S367 0.49944413562112561 1.1717952971130421
0 S368 0.53698854465091916 1.211809353131462
0 S369 -1.3398798893274528 -0.13112934497779052
0 S370 0.59182414990447385 -1.1844462455041942
0 S371 0.57448388621824054 1.226983698633082
0 S372 0.65756950914407308 1.2496075493271155
0 S373 0.79549676989580498 -1.147112610079559
0 S374 -1.3840078863420984 -0.22225245608525657
0 S375 -1.5164948609780433 -0.15638404797033631
0 S376 0.89897208531279982 -1.2227644454287783
0 S377 0.88585713519021159 -1.3384947689132323
0 S378 0.71331903523663842 -1.1266538215353004
0 S379 0.892300389347635 -1.190572534244577
0 S380 0.63054334858913219 1.2608929141639793
0 S381 0.53782076205023621 1.3573484258045647
0 S382 -1.404637610696668 -0.080674914525361546
0 S383 0.59657944963087928 1.1428443300960196
0 S384 0.57505543025394434 1.2142116467603428
0 S385 0.64102040350270406 1.258737415570278
0 S386 0.88656164055953401 -1.2417810319989255
0 S387 0.94014670443818127 -1.1464686735629552
0 S388 0.5450490284919699 1.2186624872621499
0 S389 -1.4527040501925914 -0.23170290766335994
0 S390 0.86148420547059523 -1.1065125169684371
0 S391 0.55999738104831764 1.2237636421995559
0 S392 0.61403573556216329 1.1634936373250448
0 S393 0.64475820532068107 1.1941924985111216
0 S394 0.5772297089559062 1.2937390339328729
0 S395 0.57902622755408406 1.2434429284542245
0 S396 0.71934455113791773 -1.197833509102264
0 S397 0.57522359173266679 1.1671562396648703
0 S398 -1.5012381922109721 -0.14832159443481124
0 S399 0.90223948948104615 -1.158936984764019
0 S400 0.57790580574264849 1.3516760363992097
0 S401 0.5799383106250956 1.0562193498853252
0 S402 -1.3217315550360522 -0.14835203379600931
0 S403 0.80565985449350008 -1.2973599063108958
0 S404 -1.4227567391503031 -0.042387983717841797
0 S405 -1.3976023062457124 -0.051369918956110254
0 S406 -1.3418903966966274 -0.18710426584792339
0 S407 0.51871672786705525 1.3053548982359588
0 S408 -1.4157098875374432 -0.22977746173632088
0 S409 -1.3911418390642356 -0.003455973447446184
0 S410 0.63860693456624928 1.1863365881102113
0 S411 -1.369797297742454 -0.20396156171223959
0 S412 0.76088976751950799 -1.2732582112432331
0 S413 -1.4324483070114493 -0.31017252140624191
0 S414 -1.5180114588688449 -0.034433552213345667
0 S415 -1.3405984421803554 -0.055945203346349989
0 S416 0.5954874101191604 1.2037941374041925
0 S417 -1.444897762324326 8.9212200733835694e-05
0 S418 0.75945146789694429 -1.2683626353916853
0 S419 -1.6228959436168764 -0.010938460668731985
0 S420 -1.4162026713123572 -0.11039554360262402
0 S421 0.83167142002645389 -1.32551777573731
0 S422 0.69909184667833923 1.3123591906311924
0 S423 0.71625839736422092 -1.1716522868737442
0 S424 0.84704205852921322 -1.1992725197031924
0 S425 0.82217674470855129 -1.2546093571885806
0 S426 0.87361603089387652 -1.2487870463870872
0 S427 -1.3615424942749472 -0.13917954536034044
0 S428 0.59108028599926477 1.1860824734709698
0 S429 0.61029040706538074 1.3578757880678509
0 S430 -1.4127339253317439 -0.17428571632555526
0 S431 -1.3267463325367645 -0.12474002156147339
0 S432 -1.2649479696071539 -0.12471528477243445
0 S433 0.53180021192172999 1.1743531505802529
0 S434 0.84554367717273704 -1.2071351565561552
0 S435 -1.3784117077330218 -0.25005612914073666
0 S436 -1.2182383263452472 -0.28676079542051586
0 S437 0.69353721662661016 -1.2045417583670066
0 S438 0.87941794992795719 -1.1176798483467032
0 S439 0.63855828527722058 1.2465749495892522
0 S440 -1.2450516388239314 -0.35408341459813497
0 S441 0.91636960034868897 -1.2325183630243794
0 S442 0.8548666242545182 -1.2405516213040324
0 S443 0.82081661444156806 -1.1901417131684093
0 S444 -1.3891613186048974 -0.084913191657992937
0 S445 -1.3674371535672616 -0.20083476187418145
0 S446 0.74096899105648284 -1.2568992428910586
0 S447 -1.5050085998937597 -0.17884913919071402
0 S448 -1.3676488487525882 -0.15140177588887155
0 S449 0.56457728615222513 1.2814415798152501
0 S450 -1.3039629464962497 0.0045888641017483075
0 S451 0.59980304382521232 1.1052547271212272
0 S452 0.97600312233698394 -1.273723217015728
0 S453 0.83132291428233096 -1.252364137168501
0 S454 0.76667782002240192 -1.1791940579150602
0 S455 -1.3590759953997402 -0.21164001750655098
0 S456 -1.3646148261921389 -0.12217776823722414
0 S457 -1.3950684689871002 -0.09708357072054262
0 S458 0.56135091199464604 1.2534661367016782
0 S459 -1.3770744883811121 -0.094700283156160942
0 S460 0.81242699225022019 -1.350123322183016
0 S461 -1.3530109931551133 -0.22055481062071194
0 S462 0.63195003255876858 1.2603400519792498
0 S463 -1.3198568161761097 -0.062861106355579163
0 S464 0.68052334249592772 1.4004069635737608
0 S465 0.67103785755869805 1.311073980779712
0 S466 0.54010584434883302 1.3536898730502078
0 S467 0.58346941138309605 1.3351080954760755
0 S468 0.71431617652793289 1.2423619917512962
0 S469 0.585901904836299 1.310840724264128
0 S470 -1.386198861788408 -0.076854395779328469
0 S471 0.71496344617089302 1.2888390317753258
0 S472 0.64820506544089496 1.2126656075230209
0 S473 0.6418443334204853 1.2194365203902919
0 S474 -1.4074993631437083 -0.14030037295805889
0 S475 0.62844210698847369 1.1603911645684899
0 S476 0.51482648564167344 1.207564434512596
0 S477 0.87287263530862014 -1.3104755564795509
0 S478 0.72577697867128177 1.2230790023460458
0 S479 0.51554452612547375 1.2392432448072426
0 S480 0.9924995458091932 -1.2173966196840567
0 S481 -1.3068803568361778 -0.014676935030688322
0 S482 -1.4021843206943667 -0.17687351613341531
0 S483 0.57296733937643107 1.1178536696402703
0 S484 0.5994482492756209 1.2221089252291346
0 S485 0.64253235610680848 1.2640030886889317
0 S486 0.74133629708542359 -1.1625356178622626
0 S487 0.58578580497947019 1.2859099798489217
0 S488 1.008265530791236 -1.2727832783946831
0 S489 -1.4032491168578844 0.024942012956666367
0 S490 -1.3437168500583401 -0.13735220362083977
0 S491 0.81351191740365836 -1.0569636358688335
0 S492 0.67579121722150015 1.2757121096552329
0 S493 -1.4188093734879708 -0.11947950841457727
0 S494 0.71104910123933229 1.147533860786512
0 S495 0.7952939171845993 -1.1344288607479807
0 S496 0.65977647002350392 -1.1990351505697325
0 S497 0.62348115457581632 1.3364532998744822
0 S498 0.57421044372211993 1.1482419468640448
0 S499 -1.3126000035235175 -0.13053844383023927
0 S500 0.77339691541429467 -1.2373704596821025
0 S501 0.52893237084865363 1.266074361674917
0 S502 -1.4224297615223964 -0.12025646369460742
0 S503 0.60213379158524882 1.0472142597053467
0 S504 0.56831844558638411 1.2686742327621485
0 S505 0.62101317445522652 1.1637622221833586
0 S506 0.86445890635904954 -1.2460384795928017
0 S507 -1.4593124121386589 -0.043586349560759616
0 S508 0.82771228387523632 -1.4008711159275891
0 S509 -1.3423931242843923 -0.1285718006765468
0 S510 -1.3971505272708336 -0.022703316023836993
0 S511 0.84155809800178571 -1.2437638490881362
0 S512 0.87192236080663232 -1.1336815071650312
0 S513 0.71329259709240034 1.2481216571956537
0 S514 0.6011534337263611 1.271754504239839
0 S515 0.79597954146184446 -1.1986216557442002
0 S516 0.83435663510069835 -1.1566703957677051
0 S517 -1.4242788390052981 -0.19160029173594922
0 S518 -1.3465773811346902 -0.23396462031273751
0 S519 0.83228269589021864 -1.2026506409643896
0 S520 0.93270117436204403 -1.2466919159557597
0 S521 0.84905740279148256 -1.163236892491045
0 S522 0.62282642597792615 1.2976412783868232
0 S523 0.82827018875471869 -1.0604618752700794
0 S524 0.56676220652720111 1.2080885413889855
0 S525 -1.3954722070368932 -0.14298607350061754
0 S526 0.79696077348098937 -1.1506535771999686
0 S527 -1.3345305085598496 -0.063602559468084005
0 S528 0.63849137131142608 1.092232662964681
0 S529 0.55024426295964324 1.1752016019701641
0 S530 0.57454654355604307 1.1664997028128359
0 S531 -1.3732620938525517 -0.2003394776280196
0 S532 0.51473994110163035 1.3794445123673509
0 S533 0.84890102839179737 -1.2676032961934949
0 S534 -1.3289813195054363 -0.14450426079691514
0 S535 0.57021981816543965 1.1816096186090148
0 S536 -1.3366280483583033 -0.083365814932987364
0 S537 0.61167713352773456 1.2233471852388345
0 S538 0.78354873700104877 -1.1805764438577531
0 S539 -1.3926404742535972 -0.14587941562798282
0 S540 -1.2331711205493177 -0.16827948973400997
0 S541 0.8688389515546765 -1.1292895777002738
0 S542 0.60652317909816522 1.1967589111495389
0 S543 0.9264521749622231 -1.3133583468233672
0 S544 -1.3370730900097039 -0.22147239592508075
0 S545 0.85420931261936206 -1.1039045374091936
0 S546 -1.3092148554856728 -0.17896991080926897
0 S547 -1.1620385826467126 0.026331839439349761
0 S548 0.63155535567104204 1.3107518193892183
0 S549 0.78571389223587529 -1.2644781421552469
0 S550 0.77157463652892 -1.271874457531347
0 S551 0.77314122162876753 -1.1193052609217811
0 S552 0.8431278968401491 -1.3330413668206882
0 S553 -1.31442690037688 -0.028232410710639727
0 S554 0.55715806627157505 1.1723752768657323
0 S555 0.80494125967136199 -1.2698218309218439
0 S556 0.82035848716245974 -1.1466525389544946
0 S557 -1.4011063523011349 -0.11488419538147673
0 S558 -1.3883268377902123 -0.14082430969492582
0 S559 0.93068619604327041 -1.3828005596952753
0 S560 -1.3958683018378937 -0.10778278550181349
0 S561 0.58355081554031596 1.2652362192890505
0 S562 0.85028178334837801 -1.2371981093226774
0 S563 -1.4210823717456664 -0.063667384928840096
0 S564 -1.3466482997988729 -0.13608589812885677
0 S565 0.79283490461070938 -1.0813132164717307
0 S566 0.63365918983089609 1.2859516672298941
0 S567 1.0145815887597791 -1.2633487457287218
0 S568 0.69533694957905323 1.3158230517203522
0 S569 0.62762470394682546 1.3823360644101752
0 S570 0.55241540514819198 1.1700733055629344
0 S571 0.4419233899015696 1.1406612504324216
0 S572 0.83793147771211218 -1.1739341513243553
0 S573 0.71663159732431414 -1.294430378800014
0 S574 -1.3531883268070062 -0.056966216781193436
0 S575 0.48504536388411196 1.1160704929180516
0 S576 0.61975147133082875 1.1538513421580947
0 S577 -1.37351520556693 -0.22908013192140572
0 S578 0.74142442009675003 -1.2208662858678871
0 S579 0.82930921887066589 -1.1448963508788526
0 S580 0.67347160132634698 1.2541969274020657
0 S581 -1.2335697464091617 -0.12694781629983912
0 S582 -1.3213004037839267 -0.068927025804527989
0 S583 0.6147995384605256 1.2498481229124367
0 S584 0.69108055708407312 1.3637773679451084
0 S585 0.71205294383750217 -1.0618717210339041
0 S586 0.87910922115360168 -1.2843074270875459
0 S587 0.48520161625908936 1.2494916703243262
0 S588 -1.3482553240391624 -0.12681671259386382
0 S589 0.54645621764126684 1.2759119142375324
0 S590 0.50553002578455419 1.2879607760198752
0 S591 0.61225061669064706 1.0727513158281461
0 S592 0.72240711681983694 1.2014052746983175
0 S593 0.809325309593113 -1.1878793010934172
0 S594 -1.4087908157285594 -0.25794990927809486
0 S595 -1.3728715857042917 -0.10588252492297152
0 S596 0.50570685960324413 1.2425402613187488
0 S597 -1.3908891922729425 -0.14926183159656214
0 S598 0.77619081475335461 -1.2431291951246177
0 S599 0.7569490909535449 -1.301711452035037
0 S600 0.59618076292374611 1.3381107779784629
0 S601 0.58862539371602596 1.2722754591475678
0 S602 0.65648123778768597 1.2895469143223637
0 S603 -1.5241266278966514 -0.12762782735129932
0 S604 0.54829278877024179 1.2372130171200666
0 S605 0.81449552003347458 -1.1590943892661005
0 S606 -1.2504691445759761 -0.068240615912731117
0 S607 0.85720821788109047 -1.2475135139880702
0 S608 -1.3600564125548364 -0.12214497992566964
0 S609 -1.2829098244012418 -0.080171288293739026
0 S610 0.80517882715794842 -1.1257342456344712
0 S611 0.87846197550010785 -1.2113696718699338
0 S612 0.57925757619635043 1.2482390670791097
0 S613 0.79626683298276058 -1.2549972698153768
0 S614 0.91624483110353705 -1.1842342359612676
0 S615 -1.4002436671687741 -0.067362441179138505
0 S616 -1.3521748695406779 -0.19702838140772094
0 S617 0.87473648234716173 -1.2478660952135991
0 S618 0.85722366159871077 -1.2589147086652364
0 S619 -1.4233641467490576 -0.10032562143502817
0 S620 0.80788745726616429 -1.2214449146061015
0 S621 0.68793362940570901 1.2872192812752323
0 S622 0.71520707029979358 -1.2080143568411976
0 S623 -1.3456510592684827 -0.185958220121241
0 S624 -1.4068306269720647 -0.018364776139426338
0 S625 0.46302000151821865 1.3739682054185343
0 S626 0.43495067128051013 1.2062712269555049
0 S627 -1.5199161492602238 -0.18750895741694068
0 S628 -1.3230234982695717 -0.22301101334406734
0 S629 -1.4182733249623189 -0.15125170624325723
0 S630 0.68309756288050638 1.1433850799016168
0 S631 0.85696783231885321 -1.1082489323388578
0 S632 -1.4975984672043079 -0.08712467371505811
0 S633 0.63646972612809005 1.2350957767164874
0 S634 -1.3941742065333653 -0.10789667542387053
0 S635 0.87386803360583531 -1.2242021542670354
0 S636 0.5586984364516332 1.261263644903595
0 S637 -1.4878719949300641 -0.21159211179325516
0 S638 0.53558812040897075 1.2383684312607561
0 S639 0.74999563977931372 1.2978839528266457
0 S640 0.815306812540881 1.1942079188374377
0 S641 -1.3218776552555229 -0.065507514253390173
0 S642 0.6631602797585181 1.3836737582763767
0 S643 0.57570737468683164 1.2771310290615361
0 S644 0.54993451016434292 1.2383345387912663
0 S645 -1.4527543052656826 -0.034183170807009021
0 S646 0.84260660162128376 -1.3456556386860408
0 S647 -1.3285699003946592 -0.10386336415231384
0 S648 0.82581905387157317 -1.2101779800587491
0 S649 0.82508724996072114 -1.2419587104639125
0 S650 -1.3671810179153501 -0.15709192031795385
0 S651 -1.5014958639017248 -0.1368275026323254
0 S652 0.87026155552754747 -1.3442912408499723
0 S653 0.61679770789233068 1.3280636166535742
0 S654 -1.281986316663295 0.0051332671446646175
0 S655 0.6808710604742555 1.1341883884542565
0 S656 -1.3335998428950324 -0.17774823698232275
0 S657 -1.5760323394809006 -0.29167864692616857
0 S658 -1.4410200662452015 -0.058249447269284861
0 S659 0.79534030015312918 -1.2166487160365618
0 S660 -1.4325473198350986 -0.25047826429023229
0 S661 -1.3162303321875 -0.14913493469621814
0 S662 -1.3262093526596241 -0.11135458676092716
0 S663 -1.3694741704292761 -0.21104083155533992
0 S664 0.71407462529934451 1.32529292918414
0 S665 -1.4362489613452927 0.010820572415774195
0 S666 0.64260031583511978 1.2423151110786097
0 S667 0.57640616820485302 1.2472578318309733
0 S668 0.82455612829506841 -1.1880113560854544
0 S669 0.66122378773990687 1.1812487269668006
0 S670 0.47138361619781649 1.2555837932168703
0 S671 0.81457150249383636 -1.2805019434937233
0 S672 0.69638839306005984 1.4050470243768665
0 S673 0.59646979740890205 1.0961450290545052
0 S674 0.91674785369348344 -1.2526036476619249
0 S675 -1.3374599806710163 -0.10214705289122276
0 S676 -1.3932604461764122 -0.25174173170984504
0 S677 -1.352361410603387 -0.20196768473277646
0 S678 0.77848820078600323 -1.2565899079577976
0 S679 0.83998979383700068 -1.2528664389637632
0 S680 0.54799404340948821 1.2153021292136204
0 S681 0.53342534145487275 1.282993398153357
0 S682 0.54062136569502928 1.2847381221121716
0 S683 0.92010103870579985 -1.2076289772800646
0 S684 0.75903235410515724 -1.2058323899298078
0 S685 0.82196107270265473 -1.1417557130684117
0 S686 0.66865622098791178 1.2855218092392287
0 S687 0.86733003286840227 -1.2680225259603559
0 S688 0.80480605897344992 -1.2786807864794199
0 S689 0.84128994604291218 -1.2553603082148861
0 S690 0.711690055683041 1.362144649319488
0 S691 -1.3915137709435796 -0.032507459045139755
0 S692 -1.429281168774172 -0.18603430830340606
0 S693 0.84929753628822802 -1.0552653350884924
0 S694 -1.4112873296938768 -0.024555254362183525
0 S695 0.6064026431063384 1.3061030404908285
0 S696 0.81285280727244047 -1.1734711395370452
0 S697 -1.3215167507094987 -0.14872765363124155
0 S698 0.64411988094171102 1.238808908455723
0 S699 -1.7011351625010971 -0.076704360450850509
0 S700 0.69842328793553621 -1.1241455392337165
0 S701 0.77212456264396756 -1.1106911215830875
0 S702 0.75083106007705103 -1.2254531285693544
0 S703 -1.38911148804187 -0.163573147445398
0 S704 0.55958817634793068 1.2479820403740463
0 S705 0.81272311377583839 -1.1379565973724846
0 S706 -1.4601708106397013 -0.10848030434599838
0 S707 0.96428947536578302 -1.2332685432822399
0 S708 -1.4340239279513058 -0.17534950060077389
0 S709 0.58629490058160028 1.2343544676996867
0 S710 0.62211571217388162 1.1583138681284408
0 S711 0.80628868385260777 -1.2469128830841349
0 S712 0.56414276657390972 1.1738696762570779
0 S713 0.8103284581042336 -1.1505286935933481
0 S714 -1.3162078805330577 -0.12555577493279854
0 S715 0.9144646915034792 -1.272190474890649
0 S716 0.82147515792104475 -1.1703763125633406
0 S717 0.5122429712187907 1.2380576177120355
0 S718 0.63286165800864858 1.3715774667109897
0 S719 -1.3354737986783627 -0.23839475409724151
0 S720 0.83813573470259817 -1.1054636779926748
0 S721 0.51102892241539255 1.1986130966942448
0 S722 0.97834437851096179 -1.1929798267941316
0 S723 -1.4043607774242921 -0.20043710619006255
0 S724 -1.4166083890091599 -0.21137624766434859
0 S725 0.55863095615761349 1.3522404859141395
0 S726 -1.3576833210922619 -0.173099280301829
0 S727 0.78871392860676637 -1.2678781220329745
0 S728 0.9046022706637683 -1.1955712317062281
0 S729 0.56187036605150031 1.2135220151516108
0 S730 -1.2180456010322025 -0.098479016894884544
0 S731 0.6352596572850292 1.2269492203035945
0 S732 0.80221917381507524 -1.2168820967841287
0 S733 -1.3678380248312734 -0.17973913477975009
0 S734 -1.4297551164910474 -0.10309919937596446
0 S735 -1.3254250129219654 -0.072811541538184324
0 S736 -1.3795152452997961 -0.10531280702151462
0 S737 0.67751414421648393 1.2739219670130844
0 S738 0.4969566195564602 1.2792872202708905
0 S739 -1.2817643750673104 -0.028088362874123099
0 S740 0.93942712804961648 -1.2851665221341066
0 S741 0.89796133060757244 -1.131585625972412
0 S742 -1.5333266302880453 -0.2108183374454124
0 S743 -1.5201417745280574 -0.14527321155105685
0 S744 -1.3787963271936334 0.013132835631573003
0 S745 0.72796413087309664 -1.060245167490933
0 S746 0.61692091246373271 1.3200443330780098
0 S747 -1.349008956149145 -0.11637380574186891
0 S748 -1.3712365374410977 -0.24391349641640983
0 S749 -1.4645156048380459 -0.2203790041031535
0 S750 -1.3759657083585521 -0.13350526316578412
0 S751 0.57231327493441653 1.2947384930827421
0 S752 0.80691040226175148 -1.1610572541111066
0 S753 0.53854386781267771 1.3782724819223895
0 S754 0.62107671186243774 1.2931540115752609
0 S755 0.78065385529598919 -1.19758986530377
0 S756 0.67472782336689108 -1.008771284930666
0 S757 0.60265544682619288 1.1744301739569154
0 S758 0.66558546335753821 -1.128656960721258
0 S759 -1.3916358712256609 -0.1294604374716514
0 S760 0.63662634387356321 1.3547542805794408
0 S761 0.60219637689457994 1.4325857993307083
0 S762 -1.3643917196945219 0.047531848666748124
0 S763 -1.4204563859095742 -0.19101403509164797
0 S764 0.51905299742456545 1.3559012879013506
0 S765 0.8037742024580864 -1.1258314522211148
0 S766 -1.2951545651263223 -0.089292785490187487
0 S767 0.85514312803151504 -1.1299717652980958
0 S768 -1.3380694242764668 -0.20080533242781179
0 S769 0.6754403888084588 -1.1654269579558465
0 S770 0.82968140712797556 -1.2476009963431598
0 S771 0.68015887940858966 1.4135265756199769
0 S772 -1.3455792530980211 -0.12948737363987639
0 S773 0.81090428059898811 -1.0653703729475219
0 S774 0.62428411448996268 1.2438179081302909
0 S775 1.0011313417013679 -1.186556277976464
0 S776 0.52288369073118568 1.2015071519639062
0 S777 0.49069115983070799 1.1835540826245077
0 S778 -1.4366452315040767 -0.065750181177055347
0 S779 0.83777893032119088 -1.0253755702506855
0 S780 0.84025029499298498 -1.1558477695933174
0 S781 -1.4729560531873616 -0.05692128746849999
0 S782 0.84574783065022796 -1.222109120730493
0 S783 0.84383201723301571 -1.0928594175151758
0 S784 0.61195966141166191 1.2106934415034181
0 S785 -1.3954819631434021 -0.063727176779950809
0 S786 0.72107978702164144 1.3406189888034885
0 S787 -1.3704821158128546 -0.14322262132998792
0 S788 0.84187214730172411 -1.2110024462680924
0 S789 0.62133430263506395 1.2724733100402288
0 S790 -1.3002394442730409 -0.10231271750010235
0 S791 -1.3770424531600551 -0.087632521223755824
0 S792 0.59407772091465549 1.1982013833291829
0 S793 0.64366802212716689 1.2818017509265864
0 S794 0.58328377453444291 1.2167809406585739
0 S795 0.85196145380901311 -1.2156917083341212
0 S796 -1.3852203065112874 -0.085011045045354006
0 S797 0.63384050615168963 1.1086684531650357
0 S798 0.66893724288820944 1.3051056546392279
0 S799 -1.3439053444741829 -0.060528141253734596
