0 S0 -0.91249688309244481 1.044093613911435
0 S1 1.3315134900319627 0.29021201835526489
0 S2 1.3425548189781316 0.32507491002859845
0 S3 -0.41441515124623596 -1.2569473385146877
0 S4 -0.44913068303757347 -1.3644329565189182
0 S5 -0.36359315777896101 -1.2512013149115893
0 S6 1.4359208491884659 0.36380410536125274
0 S7 1.340196533487412 0.35218208702133308
0 S8 -0.38022763949506033 -1.2679873752149768
0 S9 -0.49443348830076 -1.3389548520324055
0 S10 1.3577189250073802 0.38034099294598472
0 S11 1.570778448810265 0.29109836114840432
0 S12 -1.0725042564362119 1.1293758226639761
0 S13 -0.35183775008038909 -1.4440858347934082
0 S14 1.35566127015714 0.41270777071825582
0 S15 -0.29714371192677458 -1.3220690246351741
0 S16 1.40052094984214 0.24926129076508305
0 S17 1.3551398925364702 0.28527045036304338
0 S18 -0.92460758126336051 0.97624327751024753
0 S19 -0.398821553467196 -1.4009587979064231
0 S20 -0.99564835669216167 1.082473809791245
0 S21 -1.0065234867567217 1.0482584467685703
0 S22 -0.96118691077289431 0.96717686105816381
0 S23 -0.39088630884568265 -1.2977494485527405
0 S24 -0.48528724603011403 -1.2737640200669049
0 S25 -0.36797768325541064 -1.3913501120529457
0 S26 -0.87212927435337972 0.98921420924477332
0 S27 -0.49562296594952071 -1.3306859189409037
0 S28 -0.30749700352536058 -1.3828211855325789
0 S29 -1.0491147361744326 1.038615761451734
0 S30 -0.4120996095073432 -1.2650670060331763
0 S31 1.4072357713615253 0.39064488661517466
0 S32 -0.33830968740845002 -1.2938755644326763
0 S33 -1.0621720771573642 1.0658666745892995
0 S34 -1.1013432786740005 1.0859683724588296
0 S35 -0.35691002302609559 -1.2944512799648384
0 S36 -0.40411676409318903 -1.3527451041899814
0 S37 -0.986279346415598 0.94522097147495776
0 S38 -0.23864682177835325 -1.4499909443495902
0 S39 -0.92898446998745665 0.99571354716236649
0 S40 1.3866365223212851 0.13767273663398724
0 S41 -0.93523954616597782 0.97520969065394314
0 S42 -0.36322835765814954 -1.2129560264920509
0 S43 1.4004169311518551 0.44705104125081202
0 S44 -0.96050440213677357 1.0496054602689211
0 S45 1.3855787497919789 0.47082375659127507
0 S46 -0.38240592322302391 -1.4448288211802149
0 S47 -0.95047735986974302 1.0133099416279434
0 S48 1.3858468407585196 0.51121758189111588
0 S49 -0.47593289558423951 -1.2804275729886303
0 S50 -0.85040018984658561 0.95610712040521639
0 S51 -0.32980355982408349 -1.3763903971635738
0 S52 -0.35602626718319608 -1.1916717532492396
0 S53 -0.34736190906684555 -1.2050825249289658
0 S54 -0.84919203726625014 1.1332873512441264
0 S55 -0.29969168812410812 -1.3658402713539239
0 S56 1.5028684861251449 0.27823295391280706
0 S57 1.2866882834358393 0.39408800299337693
0 S58 1.4026303728034666 0.28600472527629284
0 S59 -0.34630319393150749 -1.2640939271865037
0 S60 -0.90761464445276785 1.2527322291682619
0 S61 -1.042576137705268 1.0647203343771039
0 S62 -0.81504078887540687 1.0620097012401064
0 S63 1.375701735498021 0.28203816294257239
0 S64 -0.44759849050315742 -1.3090067539490242
0 S65 -0.27401382137547797 -1.1843930715376025
0 S66 -0.9447125870277796 1.0937192226729548
0 S67 1.3797097306720234 0.50221195037740585
0 S68 -1.0664824141428257 1.195564538177516
0 S69 -0.28267858376637345 -1.2166938187806828
0 S70 -0.2938034213104902 -1.3907323698158642
0 S71 -0.29027422728807356 -1.1670255453007647
0 S72 -0.37248270858564297 -1.3249035530607067
0 S73 -0.9788742693475293 1.0263799531641193
0 S74 -0.97872684979018354 1.0965312495608204
0 S75 -0.96779787742375789 1.0515640530708266
0 S76 -0.5337034548417503 -1.3796487645249107
0 S77 -0.43523303612592901 -1.2691735968456042
0 S78 -0.97552532055082486 1.0823678029834252
0 S79 -1.0566417802809542 0.9432417062109415
0 S80 -0.35711989163889013 -1.3447953572660989
0 S81 -0.44086498369618304 -1.2533012529532768
0 S82 -0.40118118951220277 -1.278466588572277
0 S83 1.2969827834262566 0.43088808718224408
0 S84 1.347043586625583 0.3345456182667747
0 S85 1.5137374512452968 0.2984442486497928
0 S86 -0.39413727306689772 -1.4210612298161347
0 S87 -0.88702054711091893 1.0593350875924907
0 S88 -0.82263114579261032 1.0136515120751046
0 S89 1.4074782787479336 0.35355026908084392
0 S90 -0.94321166987312588 1.1120393265695385
0 S91 -0.94626940307467733 1.0082319606707781
0 S92 -0.89377110014345729 1.0190145549663634
0 S93 -0.99571196150814056 0.9691349373362329
0 S94 1.2449224034374573 0.38525221517795188
0 S95 -0.39618568353650763 -1.3281859560117528
0 S96 -0.45605170618368907 -1.3904283975097087
0 S97 -0.45618681527138966 -1.2754540196424871
0 S98 1.3443762337595346 0.24387315280334373
0 S99 -1.0969964262635492 1.0799097360852239
0 S100 1.4463909427674695 0.35989453546711037
0 S101 -0.29033394003624136 -1.2932407631892091
0 S102 -1.0264476417914086 1.1546963879688912
0 S103 -0.38985968499267171 -1.179012205540771
0 S104 1.4949179819761302 0.33825482500611437
0 S105 -0.31325411972023054 -1.4871431020010155
0 S106 -0.34311279592138766 -1.292719692417627
0 S107 1.3976419692353561 0.43648616565982928
0 S108 1.535332939326491 0.40037785664528275
0 S109 -1.104249066574247 1.0578265167408587
0 S110 1.3831833564160694 0.26020365216145713
0 S111 1.3232160131941559 0.39867673434321121
0 S112 1.490590976436754 0.36937904024919349
0 S113 -1.0883092935918275 1.063043377947074
0 S114 -1.0163077946293115 0.93728865972490605
0 S115 -0.94320887201895132 1.0292930204324564
0 S116 -1.0313136168963373 1.0639983542232183
0 S117 -0.50816609343775487 -1.4040939131120833
0 S118 1.1803275463277281 0.34415625902505226
0 S119 -0.42286040091590449 -1.2921661251642942
0 S120 -0.91666112847381798 1.0702137444234996
0 S121 -1.1129361874133015 0.99994689067718801
0 S122 -0.41624512434794908 -1.3477395268915313
0 S123 -1.0066622488305488 1.1206183336362769
0 S124 1.4386820181923297 0.41950541152102588
0 S125 -0.42730334668025438 -1.4552421228137984
0 S126 1.3641630767298107 0.35651781334180249
0 S127 -1.0152338055863745 1.1016318815134747
0 S128 -1.0228901439837748 1.0812144809478417
0 S129 -1.0184251060262381 1.0150189191385937
0 S130 -1.0217741219814747 1.0460352188548709
0 S131 -0.93230509346696799 0.99769826510394322
0 S132 -0.40046090368051501 -1.2944697480491461
0 S133 -1.0387808803390113 1.0671315812880304
0 S134 -0.99373128686731271 1.1182506345089713
0 S135 1.2973303371333753 0.29990990919267446
0 S136 1.220342032812133 0.40782144918389368
0 S137 -0.34399830066243703 -1.3355482391492337
0 S138 -0.2989094810861187 -1.4515044927019849
0 S139 1.4236570331677953 0.29480017165091399
0 S140 1.2865002835377659 0.46535342467807111
0 S141 1.3927965023621021 0.36199449127526112
0 S142 -0.45568546683511496 -1.3525127266090662
0 S143 1.4372356973277582 0.37255165992006656
0 S144 1.3525728935655548 0.50680182859705358
0 S145 -0.37971377472160922 -1.2618059516699651
0 S146 1.2345097028035967 0.32824271645656738
0 S147 -0.32616556262744251 -1.3659930638298081
0 S148 -0.92457298825181877 1.0192567303638083
0 S149 -0.34335066184399149 -1.3055266306795521
0 S150 1.4383409827767268 0.30722244859590325
0 S151 1.2296765883230709 0.25362932178019731
0 S152 -0.43544016138407982 -1.3054913851750545
0 S153 -0.50423003405683664 -1.2982158721233314
0 S154 -0.26724774816162244 -1.3098705617320188
0 S155 -0.56456306359136443 -1.2275404011734816
0 S156 1.3816328254120351 0.49065200397318015
0 S157 -0.41562744602138235 -1.1537164078265352
0 S158 1.3972781963601186 0.2678278149613566
0 S159 1.3236306735677628 0.28428182166938826
0 S160 -0.99846335956795373 1.1392448084281901
0 S161 -0.42979902458269653 -1.2257616264065636
0 S162 -0.36320908899222243 -1.2896853507200379
0 S163 -1.0953573534183878 1.077910068969447
0 S164 1.3082812264809878 0.35826187437544987
0 S165 1.4311216493626953 0.31281477046046319
0 S166 -1.0793153252729624 1.1049941407867239
0 S167 1.3326232714885642 0.36214972411103813
0 S168 -0.95073415442351394 1.0170877499996638
0 S169 -1.0602924733020551 1.1405261340823867
0 S170 1.3221453089278803 0.29861732983444128
0 S171 -0.34764243787831722 -1.4323540992779089
0 S172 -0.28226998974684858 -1.3183430536379965
0 S173 1.2474677171552857 0.33438948892097642
0 S174 1.2977951279081552 0.34702663333214295
0 S175 -0.47604876236416144 -1.3193886243559196
0 S176 -1.1244661410701693 1.216500789966898
0 S177 -0.86423816396045405 1.0409665382560893
0 S178 -0.47043990898385174 -1.2999764049273961
0 S179 -0.52792080487628468 -1.3568640804163365
0 S180 1.42547272081586 0.40087697455788657
0 S181 1.3579000263138314 0.3147307516731731
0 S182 1.3345719681697734 0.2640123263072735
0 S183 -0.34771814434940318 -1.3281687352699785
0 S184 -0.938681934082085 0.97448521998713067
0 S185 1.3306232550821009 0.33284827007196316
0 S186 -0.29351527374651343 -1.4332523728981681
0 S187 -0.38060077496126665 -1.3198797029241649
0 S188 -0.44405187676204544 -1.3848722326505725
0 S189 -0.93390055218577639 1.0995152099222723
0 S190 -1.1077524836387742 1.0762022202022739
0 S191 -0.41407877603414894 -1.3692629713776874
0 S192 -0.96794240310275115 1.1279591043025989
0 S193 -0.48212586260249557 -1.3017989477905767
0 S194 1.4567881273503853 0.18481352859265907
0 S195 1.4654628349058607 0.31521214275904796
0 S196 -0.4214208314613096 -1.2667178233350211
0 S197 -0.90749076854508959 0.95869720181469831
0 S198 -1.076511594480889 1.1323186395546447
0 S199 -0.37300130031181711 -1.3684535970685268
0 S200 1.2579166132956658 0.30533859313953454
0 S201 -0.99319185719430247 1.0264664577072851
0 S202 1.4184377408618147 0.28806143168466336
0 S203 1.4199815778238276 0.23150713811651263
0 S204 -0.4770388292981198 -1.2025388599709002
0 S205 -0.46634181391985108 -1.3349155557522718
0 S206 -0.45720637726647567 -1.3106412293876273
0 S207 -0.36457222885750457 -1.3129952972607823
0 S208 -0.3774491462517045 -1.2295411036259913
0 S209 -0.41203028909962408 -1.2512801647733833
0 S210 -1.0648745517579605 0.95176799914152399
0 S211 1.5325804753693986 0.40398654241738025
0 S212 -1.0013500481860611 1.0387618331895312
0 S213 1.417389473763438 0.41131199110131933
0 S214 1.4283686008272081 0.4198652296633143
0 S215 1.2438873869373497 0.38630529734075497
0 S216 1.3855497461858868 0.46802650405743496
0 S217 -0.46565036869205878 -1.4147847615091103
0 S218 -0.50147443654147339 -1.3108810684297902
0 S219 1.4122773545766527 0.36068822619536994
0 S220 -1.0172414242722476 1.031794189613489
0 S221 -0.30207808048078211 -1.3316706530079869
0 S222 -0.91396813212642669 0.9656311019478957
0 S223 1.2389626920444865 0.51803225501531924
0 S224 1.2913481530732471 0.41555216587510724
0 S225 -0.35824325139253077 -1.3548815039974584
0 S226 1.3272385341063857 0.32169116564654821
0 S227 1.2534106138048022 0.36842393701160958
0 S228 1.4569395893056547 0.37710294103373859
0 S229 -0.35207242220866741 -1.2538558362430929
0 S230 1.2593031098161451 0.34727587592770881
0 S231 -0.38169541474919944 -1.3239935639061351
0 S232 -1.0305999495032914 0.95040240637293139
0 S233 -0.49279787836874395 -1.326574033362675
0 S234 -0.22773228329574491 -1.2963305859313217
0 S235 1.4161213419676599 0.28275642418249497
0 S236 1.2481074584974428 0.22920210191198342
0 S237 -1.0235091126415088 1.0688198765983581
0 S238 -0.38730118034563188 -1.4310809006984151
0 S239 -1.1069463808570563 1.14312587058482
0 S240 1.3210582617661275 0.21518229145736903
0 S241 -0.35987953779649978 -1.3587668663279329
0 S242 -1.0544174019143946 0.97883380722976809
0 S243 1.5583465707582282 0.46095985742325313
0 S244 -0.4642026127509789 -1.3346597213861449
0 S245 -0.42683217777096721 -1.4662972601631517
0 S246 -0.85509902591226339 1.0448877398027672
0 S247 -0.96286139000866688 1.1839614774206888
0 S248 1.3678279629807897 0.39834399671781529
0 S249 -1.0195770690324826 1.0000792514039667
0 S250 -0.94967589273766417 1.0205293500316064
0 S251 1.3669527330197948 0.45921699758675022
0 S252 -0.55423324541042218 -1.3075754147670542
0 S253 -0.6332661771394601 -1.2862001237832648
0 S254 1.423602719214051 0.21082582111847287
0 S255 -0.96478519112026251 0.96821308545008467
0 S256 -1.04580954513613 1.0159055259477427
0 S257 1.4084097970848521 0.23528773063001993
0 S258 -0.98981597719846648 1.2171605110781498
0 S259 1.5152228692774723 0.34685347333469962
0 S260 -0.47149298372432191 -1.2573518758263205
0 S261 -0.94660433055633275 1.0278393501074043
0 S262 -0.94438602774850855 1.118280358640821
0 S263 1.4142982582447581 0.35809284033149513
0 S264 -1.0186637588418492 1.1512060501821531
0 S265 1.3498153009987515 0.46392663347085561
0 S266 -0.51863977907424097 -1.2478461219882402
0 S267 -0.41669522115718494 -1.2439125251496892
0 S268 -0.31915465600344556 -1.4037312557607666
0 S269 -0.40165093919016476 -1.2916275061002227
0 S270 -0.43543120247390427 -1.3854299744898282
0 S271 -0.49435885086620857 -1.2584579473070954
0 S272 1.3471530799412501 0.27560581942674028
0 S273 1.3423954618299239 0.41689880634935711
0 S274 -0.40345893952063555 -1.3388653954511625
0 S275 -0.94239977334656166 1.0617937221858231
0 S276 -1.0512500323207603 1.1187424875131564
0 S277 -0.41078105697724426 -1.2758608175764097
0 S278 -0.42034434382576452 -1.3088060311107537
0 S279 1.4130109070533194 0.30988422857469605
0 S280 1.335021296841433 0.2271440644414924
0 S281 -0.4589600499111493 -1.3752898378844578
0 S282 1.3444880612456707 0.38672034940971139
0 S283 1.3532286770569804 0.45985777910974296
0 S284 -0.46137172685415123 -1.1533955916021472
0 S285 -0.90831068350267608 1.1741653652856487
0 S286 -0.34036111837993938 -1.2969889292140555
0 S287 -0.29761310933523077 -1.2375322501959762
0 S288 -1.090281365990545 1.0172039799547092
0 S289 1.3737954791443128 0.37182842446060249
0 S290 -0.95578448090853296 1.0347718405881299
0 S291 -0.39374104148976402 -1.383080294468398
0 S292 -0.96763171768114931 1.0018628661148594
0 S293 -0.28372216218088986 -1.2812658315064513
0 S294 -0.38001563556855111 -1.333488706659026
0 S295 -0.38273961830841241 -1.2879668967913234
0 S296 -0.90982970761738391 1.102244643155962
0 S297 -1.0273564967662636 1.0452601627181413
0 S298 1.3330508875703708 0.28599702695525187
0 S299 -0.96010856403114864 1.0374684563632666
0 S300 -1.044037147748849 1.1629930758006095
0 S301 -0.35405714732309707 -1.2302463507456924
0 S302 1.281143912985615 0.19021710946233528
0 S303 1.3321500259374033 0.21559641532060175
0 S304 -0.41088383866616091 -1.2630009214550206
0 S305 -1.0068527634675759 1.0739734833690273
0 S306 -1.0205786552269998 0.96219627978786249
0 S307 -0.94893968855367417 1.1190762584574818
0 S308 -0.99798683157544943 1.0344742408899188
0 S309 -0.97804932444192494 1.2090904268275564
0 S310 -0.97859875393869078 1.1813252997651693
0 S311 -0.34790855992292519 -1.2339397227610194
0 S312 -0.45356016324443238 -1.2697071882938362
0 S313 1.3528934371425898 0.38180923244269827
0 S314 1.3641578547366049 0.46064829078088215
0 S315 -0.97417828120183725 1.0770714228712721
0 S316 1.3456185505841189 0.34110176580521157
0 S317 -0.39700293039362367 -1.1987547944840362
0 S318 -0.99281605038936649 1.1838829224885516
0 S319 -0.38626916071987488 -1.1877306789977966
0 S320 1.4586091148556974 0.50538582746108296
0 S321 1.3227506676279144 0.29265642791570468
0 S322 -0.48208642600448703 -1.3808817868277585
0 S323 -0.92592088735175182 1.0206273759561912
0 S324 1.5597271968536359 0.41625767760809879
0 S325 1.4071365934467877 0.35220732972017865
0 S326 -1.0159329459157693 1.0785726958146433
0 S327 -0.43735765914667679 -1.3970027371162008
0 S328 -0.92738804749394177 1.2498356340586254
0 S329 -0.21450857649440863 -1.2977932295805412
0 S330 1.3989095238276437 0.24448655688104198
0 S331 -1.1052149740096642 1.0856853409868026
0 S332 -1.0305417257491507 0.96276441411939984
0 S333 -0.90781969759118142 1.0992566531595158
0 S334 -0.29931266470458379 -1.2433357322378336
0 S335 -0.94121978095353376 1.1734208378696214
0 S336 -1.0664364851099413 1.0592205301591826
0 S337 -1.046689800761565 1.1931287376508577
0 S338 1.3314278521663172 0.35937653876652148
0 S339 -0.36563618502756728 -1.1864227846066102
0 S340 1.3326165023161811 0.3754261405512217
0 S341 1.4679556014560891 0.23310752500781584
0 S342 1.2857726082620773 0.36141655952898533
0 S343 -0.41667020480955519 -1.2350974290821277
0 S344 -1.0082311215143325 1.073295166573206
0 S345 -1.0079235798782136 1.0980726369452003
0 S346 1.4302011571905118 0.34242680231952927
0 S347 1.3255715301673154 0.23676830964911294
0 S348 -1.034412000069203 0.96837764013022809
0 S349 1.4066230622674389 0.44792441867048904
0 S350 -0.48133329907172306 -1.3400367460747185
0 S351 1.4417276976784044 0.33826548834717629
0 S352 -1.027654040432499 1.156544741719765
0 S353 -0.46836452929529554 -1.3147171189395772
0 S354 -0.36787186744043782 -1.3516807098336472
0 S355 1.3509279673769088 0.38487277724016838
0 S356 1.4219454108702032 0.30364968316583124
0 S357 1.4086261107093159 0.28194493631154666
0 S358 -0.46203828771476385 -1.4060616083809105
0 S359 -1.090468859722767 0.93860501850146261
0 S360 -1.0221378269579713 1.0035493102819089
0 S361 1.5111134947186968 0.50931072536413646
0 S362 -0.40952739996953791 -1.1553487747304201
0 S363 -0.50915654269524657 -1.2367641332884576
0 S364 -0.97640557887534918 0.96105644147058866
0 S365 -0.44234164363308914 -1.3443375223351972
0 S366 1.4225153336989449 0.37791063326356716
0 S367 1.284510594339175 0.35329478379399404
0 S368 1.2115026293671001 0.30317015696185817
0 S369 1.3387704131993952 0.20471032403636646
0 S370 -1.0147853368663839 0.99390025574863927
0 S371 -0.38685434376904537 -1.3762508946455345
0 S372 -0.9759074296266661 1.0613202153091772
0 S373 -0.45960023893772273 -1.3161462200968304
0 S374 1.4393169207308323 0.25615793499216266
0 S375 1.3444526014223839 0.26847468639967775
0 S376 -0.9946272343997985 1.0727837355373344
0 S377 -1.089299125542039 1.0240047433232726
0 S378 -0.4354425806317182 -1.3971343803419223
0 S379 -0.24966895253085677 -1.2727578317030457
0 S380 -0.33838606680788386 -1.3622970597617254
0 S381 -0.98616769427458228 1.0455182665340546
0 S382 -1.0274213523385807 0.92705366695672919
0 S383 -0.46524506092538737 -1.2516303319254261
0 S384 -0.94072675976909481 0.98415628771561536
0 S385 -0.42711141230370653 -1.4685820820091278
0 S386 -0.44142874957149797 -1.3442706712970951
0 S387 1.4138122946251004 0.28097182114728636
0 S388 1.3892568561771641 0.34193390697263565
0 S389 1.412354916478918 0.36571403538050834
0 S390 -0.3717144143615278 -1.442846962905098
0 S391 1.3905325783801286 0.35623249251299632
0 S392 -1.001162732215394 0.99397232858179729
0 S393 1.2059562371517516 0.42075299708817154
0 S394 -1.0467955111850182 1.0823046988158791
0 S395 1.3630354736338917 0.27200752462375205
0 S396 -0.28091920389053204 -1.2472160244213908
0 S397 1.2249986768826051 0.44334518337944334
0 S398 1.377001484530392 0.47001482214916368
0 S399 -1.029151504919303 1.1868981856781891
0 S400 1.4278658677567937 0.41838535344037714
0 S401 1.3147707198060758 0.44096720246134952
0 S402 -0.39252344836029607 -1.4371662364809699
0 S403 -0.51194976326070807 -1.3427195284605216
0 S404 1.3665165596662496 0.27505490931902293
0 S405 1.3896667844625075 0.38417145250227264
0 S406 1.4353268348631252 0.40898549362100095
0 S407 1.3481290457878625 0.23161007976825179
0 S408 1.3919229256651378 0.37068697548966356
0 S409 -0.5133408669903774 -1.4517046607000346
0 S410 -0.36099928523578878 -1.1860918464687267
0 S411 -0.41461716126119041 -1.3709670921532551
0 S412 -0.99076817207898027 1.0283095298276232
0 S413 -0.92906258931238195 1.1039246213170333
0 S414 1.4452261872863645 0.41924371667625782
0 S415 1.4229259126315268 0.35603510283735856
0 S416 -0.43352910397177041 -1.1483364793635789
0 S417 -0.41089152356058323 -1.2179330214163664
0 S418 -0.18680992583021108 -1.287688155390736
0 S419 -1.017191615842191 1.0327271644700349
0 S420 -1.0736233047390842 1.1436218870279284
0 S421 -0.99786904608727722 1.0427757685684147
0 S422 1.4021088814548255 0.28713568202830619
0 S423 -0.30602256645377135 -1.3459889090331421
0 S424 -0.46084479254446237 -1.241357638542337
0 S425 -1.0119255492197936 0.97820634823420494
0 S426 -0.41652432634957298 -1.3184839961719406
0 S427 1.3706022863710956 0.3338001436256382
0 S428 -1.0518318480162085 1.0964681534785801
0 S429 -0.77948583134779836 0.96690839528000461
0 S430 -1.0107960628490678 1.0459782452441675
0 S431 -1.0782647340804492 1.0568868344822555
0 S432 -0.24271941067601299 -1.3769533524864663
0 S433 1.2709066280402415 0.29662093913048976
0 S434 -0.98098795940612582 0.95809280596163371
0 S435 -1.1034074994771363 0.95867300667584554
0 S436 -0.93108909603068046 0.96158217616006836
0 S437 -1.0611991745987894 1.1168935310711774
0 S438 1.306796562903872 0.36330183366277263
0 S439 -0.98937647875337542 1.0551884539546876
0 S440 -0.49620983765855314 -1.3216415673218049
0 S441 -0.43305767288708857 -1.3445032911707575
0 S442 -0.98614104458996799 1.0296536200748767
0 S443 1.4905718762474813 0.34735331735364738
0 S444 -1.0283592189197965 1.0222615185784636
0 S445 1.5272071929858499 0.30286221459491713
0 S446 1.4312671500240448 0.45734060947140215
0 S447 1.3946188147528473 0.24591501484325717
0 S448 1.4579220373871244 0.23945988213115404
0 S449 1.328532723529777 0.30621476954211474
0 S450 1.1906095789570514 0.35050545335348926
0 S451 -0.43825925447583169 -1.357049065040947
0 S452 1.1518664611933918 0.38256692352954569
0 S453 -0.39050196179823127 -1.2918557566637285
0 S454 -0.42929897954553198 -1.4169536591018621
0 S455 1.2401384435712821 0.38380608435731478
0 S456 1.355877474516755 0.36912579615308744
0 S457 -1.1413267201830348 1.1903209300894033
0 S458 -0.92735063001527562 1.1191485593292714
0 S459 -0.96335782881649568 1.0463106866073926
0 S460 1.2729045937820465 0.30163016245334529
0 S461 -1.0211148182455132 1.0417996629011861
0 S462 -0.84158851925248068 1.0077931500952566
0 S463 1.4546906135254645 0.32643718241302244
0 S464 -0.88578014497591284 1.0294221412003939
0 S465 1.2782526079439493 0.32286012687442267
0 S466 1.4057785449663036 0.39934722278339968
0 S467 -0.30078819435998766 -1.1978025290003051
0 S468 -0.9565311700474266 1.0608275104627494
0 S469 1.2865606818920738 0.36367414691702205
0 S470 -0.27700822755590543 -1.425720521930294
0 S471 -0.30027123795972094 -1.14906550881849
0 S472 -0.21537168194419881 -1.245862405447127
0 S473 -0.51772669801765259 -1.3705000296081193
0 S474 -0.40204577726987262 -1.3225556264387783
0 S475 1.3637565677598542 0.41860873980530916
0 S476 -0.35638101533661826 -1.3558922504584425
0 S477 -0.36585008516975154 -1.3065374036597306
0 S478 -0.97446610932832889 0.92618624264905136
0 S479 -1.1555318015947993 1.166925034038677
0 S480 -0.32206198147723053 -1.2983440630848231
0 S481 1.3531263422489654 0.22384052600526583
0 S482 -0.33654082602585234 -1.236792193458131
0 S483 1.3953021066470934 0.32379103870576037
0 S484 -0.28784521211870806 -1.3620073368010353
0 S485 -0.34101593632581706 -1.3825266117320614
0 S486 -0.4737056316588264 -1.4403605686574423
0 S487 -1.0506750181137252 0.98414470011561461
0 S488 -0.35428707405989451 -1.3478211691051825
0 S489 1.3081845558216185 0.28655645761932125
0 S490 1.3625224970883181 0.35998781744974484
0 S491 1.1811816102285191 0.34215404144303335
0 S492 -0.92551766975789806 1.105778444564713
0 S493 -0.33654530201070282 -1.3611711895997927
0 S494 -0.54606297715919472 -1.4005699802780958
0 S495 1.459709444927253 0.31932974662375579
0 S496 1.471303692423882 0.37090887714862447
0 S497 1.3222716510793979 0.26361345237925343
0 S498 -0.35165660585818409 -1.3534857378524685
0 S499 -1.1376433770816838 1.0216325246769635
0 S500 1.2742764126441306 0.38012335941024405
0 S501 -0.46759940578097081 -1.3315241487080363
0 S502 1.3674826989447579 0.47783158686837252
0 S503 -1.0027992948210254 0.98349621876344917
0 S504 -0.88145626089257989 1.0417038405306218
0 S505 -0.31659191795054958 -1.2848291957993563
0 S506 1.3062754649498021 0.43730390698893606
0 S507 -1.0746850092012024 1.0522169105806065
0 S508 -0.37530240196979814 -1.246138057582463
0 S509 -0.33833995726266841 -1.3457814369570893
0 S510 1.3564119744621601 0.40926630147329246
0 S511 -1.0238418444438857 1.1297489762285713
0 S512 -0.36163647428700801 -1.3606352481281117
0 S513 -0.99394587933588929 1.0746690216183121
0 S514 1.4048914665881427 0.23172318792918836
0 S515 1.2944185982185652 0.29651795427251565
0 S516 -0.51478575983237684 -1.2589907018121116
0 S517 -1.1624869997502845 1.051217076170307
0 S518 -0.42766832596099846 -1.3532025285769607
0 S519 -0.94864858982984412 1.0049846908535454
0 S520 -1.1314127607056743 1.1909867164273882
0 S521 -1.0654982349542419 1.060729358909829
0 S522 -0.47909852249499219 -1.3086356956711938
0 S523 -0.38884731969359343 -1.2907660324460941
0 S524 -0.46583482975624851 -1.3513020735387311
0 S525 -0.38728203283712503 -1.2519197370376218
0 S526 -1.0999033905719415 1.0245087918243199
0 S527 -0.28184895599002879 -1.341960765925283
0 S528 1.4401080078727004 0.32370737764199242
0 S529 -0.37697288069954715 -1.3632485654022446
0 S530 1.3796258491880011 0.35064852868094976
0 S531 -1.0035580092567287 1.1078090548035222
0 S532 -0.43237271180744596 -1.382827096447887
0 S533 -0.39032089980084916 -1.3466313962931669
0 S534 1.2109868535156243 0.43605719684530153
0 S535 1.3857746623035148 0.32761723262629205
0 S536 1.2769961420129319 0.37457409932503272
0 S537 -1.0330858043782991 1.2247449260570999
0 S538 1.3746897197756294 0.25952468985758148
0 S539 -0.27266805381722697 -1.3434322304525246
0 S540 1.3479793259442503 0.41709917837823457
0 S541 1.3829932495596307 0.36794772559160571
0 S542 -1.0230977819171141 0.93058758666058117
0 S543 1.3713214100328521 0.24875998752318382
0 S544 1.2943533451803455 0.31793460793851713
0 S545 -0.35221817318568921 -1.2512792937616251
0 S546 -0.19519146765740994 -1.2687035583314936
0 S547 -0.45896614278810399 -1.3251440140641408
0 S548 -0.95876287154322137 0.94511911035507234
0 S549 -0.36902858938672278 -1.3272403705128135
0 S550 -0.38169089886530422 -1.3100414523000006
0 S551 -0.57144151271402155 -1.387643108911234
0 S552 -1.1105443912148776 0.87382832152833256
0 S553 -1.0112426559925392 1.0807011932229345
0 S554 1.474483859966857 0.35074657471774906
0 S555 -0.970127202323816 0.98939341615176868
0 S556 1.4421939883891564 0.36732120048168437
0 S557 -1.1178914811402862 1.0992889522071376
0 S558 -0.99853021919765217 1.1080145161833632
0 S559 1.412236531644711 0.37763717974841449
0 S560 -1.1880260940803853 1.0391657756274877
0 S561 -0.9811924398172307 0.92825135502744671
0 S562 1.4002492216898037 0.34918983283679395
0 S563 -1.1116355308347492 1.1305596796943356
0 S564 1.3339030045422626 0.53874774559783578
0 S565 -0.42910466150755022 -1.3412550969275556
0 S566 1.2789293263789938 0.35652275000118466
0 S567 -0.89285794667151452 0.97549675947705827
0 S568 -1.025033505627408 1.0414967387162353
0 S569 1.2240244305383072 0.29939005364045362
0 S570 1.2792164635775432 0.35273918481340383
0 S571 -0.40579282506802755 -1.4274495146552486
0 S572 -1.0057946797371138 1.0766665065195016
0 S573 -1.0568873242983059 1.0362162587869792
0 S574 -0.9293582232506522 1.0217601333735147
0 S575 -0.94301719447445786 1.0527555946534315
0 S576 -0.28467096351077487 -1.2815596840852721
0 S577 -0.42381859138223105 -1.4287215278255663
0 S578 -1.0517798835031973 1.1041266389502999
0 S579 1.3159967879070325 0.3070087637620767
0 S580 1.135474898973269 0.31632186232454623
0 S581 -1.0275419795344511 1.1037418957814102
0 S582 1.4223036504867093 0.39079561670191904
0 S583 1.3649258213266942 0.39378624627221992
0 S584 -0.98880028244777418 1.1005437970229648
0 S585 -0.89709278316763963 1.0437343832389505
0 S586 1.5026262827048296 0.31960357259705591
0 S587 1.515696691490438 0.35297306435285869
0 S588 1.2147455111351697 0.44836372183246703
0 S589 1.3602753613924126 0.36455975468172763
0 S590 1.3595825602872968 0.23399650462440327
0 S591 1.4299294031935073 0.46137756716272788
0 S592 -1.0654442889423541 1.1472828587344974
0 S593 -0.99899056479633741 1.0047945153199584
0 S594 -0.42460379914018886 -1.2705391093777423
0 S595 1.4598753596340339 0.31194708619477612
0 S596 1.2254721026668292 0.3241827389576164
0 S597 1.4169219974242764 0.35183876500244149
0 S598 -0.34217553337073159 -1.266836309132392
0 S599 -0.40774482833485726 -1.2269529914580812
0 S600 -1.0811041009232762 0.91531132923437364
0 S601 -1.0063547495432474 1.0540941586647263
0 S602 -1.0624126397999285 1.1068634471312162
0 S603 1.446125319777666 0.45817508162063764
0 S604 -0.97321647644298837 1.1531327683239121
0 S605 -0.4492430929748924 -1.3600752526815862
0 S606 1.4055542680795834 0.32431851795214889
0 S607 1.3640241368801982 0.33615126997265654
0 S608 -1.075794733941621 0.9565834315618057
0 S609 1.4516258242003488 0.30665730559959797
0 S610 1.3464643878111846 0.25325895485999045
0 S611 -0.42241963928297138 -1.5057151974342891
0 S612 -0.30051427905485317 -1.3404102945512866
0 S613 1.4680347972567738 0.36225353443772784
0 S614 1.309319033588928 0.40703426991320968
0 S615 1.3960997972390516 0.22553725473961445
0 S616 -0.35354493863421649 -1.397691347138019
0 S617 -0.41647798229894795 -1.2672060418072639
0 S618 -0.96378793898850268 0.95279835929312884
0 S619 -0.41956509987704682 -1.2136865994230561
0 S620 1.519071600212681 0.33288969757424414
0 S621 1.3515632494533532 0.38666822039226062
0 S622 -0.37472382539428833 -1.33903329764271
0 S623 -0.94827590012964769 1.1246775595772103
0 S624 1.4020893995993864 0.31625641852170983
0 S625 -0.32104555663277096 -1.2044957948734132
0 S626 -0.51156379558654419 -1.2979668950983769
0 S627 -0.54004256620609092 -1.2395910359364688
0 S628 -0.89556352136015749 1.1296420752594429
0 S629 -0.53279764678809893 -1.1795251611620221
0 S630 -0.58482326133939744 -1.2294987451673249
0 S631 -0.9938772065614897 1.0748051646976617
0 S632 -0.88447509733960639 1.0926738898632793
0 S633 -0.38112220480631731 -1.3886737381438015
0 S634 -0.79657995165099726 1.0793657690610221
0 S635 1.4095802219095059 0.43320762882690717
0 S636 1.4448369989093777 0.37093450347804169
0 S637 -0.80258438390240472 0.91265545506197865
0 S638 -0.93233552506385919 1.0871580085428891
0 S639 -1.1033754273190037 0.91508695712461596
0 S640 1.4879290197761235 0.23960662338178809
0 S641 -0.3724073794537896 -1.3080737332418915
0 S642 -0.43326554837184961 -1.3483490452925837
0 S643 -1.0822695811472909 0.98641705469855157
0 S644 1.3297443171216545 0.37006588828315767
0 S645 1.4423153315863038 0.37183913653493528
0 S646 -1.0100827906829404 1.0713946291272836
0 S647 -0.39522733429281143 -1.3396850725290597
0 S648 -0.95046107247319311 1.1277215377720227
0 S649 1.4283631606622766 0.39773406075222723
0 S650 -0.3896972687107878 -1.3551944009535575
0 S651 -1.0949782390366296 1.0208703215083206
0 S652 -0.31954198043815008 -1.3694509871317819
0 S653 1.2611116514690948 0.33368992118050017
0 S654 -0.372289651860918 -1.1965167359805811
0 S655 -0.34169335406653489 -1.3360946683028416
0 S656 1.3851206958373157 0.29442326792584728
0 S657 1.4942587353411845 0.43603792694880156
0 S658 1.3606239422654183 0.25953071317331383
0 S659 -0.52784966604389005 -1.3990928096284201
0 S660 -0.4376763757343865 -1.3172745430623969
0 S661 -0.38314593713896655 -1.3391052052111152
0 S662 -0.36596428179663854 -1.1535480568016954
0 S663 -0.32883832286107745 -1.1916263155215878
0 S664 1.4043548870367162 0.32418522718730186
0 S665 -0.40801359853634867 -1.3276047383143774
0 S666 -0.4364299204402674 -1.3803925101147048
0 S667 1.4365523461041645 0.34955262484433247
0 S668 1.4112023896573043 0.29042638055821757
0 S669 1.2757622939235251 0.33010080587118956
0 S670 -0.97028801258028019 1.1205142169843891
0 S671 -0.95312531175845272 1.0565422098402601
0 S672 -0.96449816379846576 1.0515130659698004
0 S673 -0.36231989503983209 -1.3034907024959848
0 S674 -0.3647370629752662 -1.3803921192660196
0 S675 1.3666644444018574 0.44577016343561432
0 S676 -0.30117061344272172 -1.2976093186903299
0 S677 -0.93975268780430388 1.128249723748058
0 S678 -0.34484565141826834 -1.3305746400705041
0 S679 1.4336331985190875 0.33687773151108774
0 S680 -0.44243643917516323 -1.3644520995610336
0 S681 -0.91858788418200998 0.96799946599226538
0 S682 1.4159472765060062 0.26066941615712402
0 S683 1.2649773336124335 0.3296666839377454
0 S684 -0.43265513548319379 -1.3434150030895629
0 S685 1.3342999362929833 0.24397459658353551
0 S686 -0.37420931268518909 -1.1772165207724541
0 S687 -0.42893926572943702 -1.2351860907409586
0 S688 -0.40772420183999325 -1.3552413201457101
0 S689 -1.0341075476878532 1.075924128535042
0 S690 -0.84048679487359068 1.1178794871955009
0 S691 1.4333313614071224 0.26921459600454895
0 S692 -0.97868485121620286 0.98117406711883826
0 S693 1.3486494796465751 0.37789106597701583
0 S694 -0.4047449368716543 -1.1122105733921939
0 S695 -0.34593194332029809 -1.4700687333912987
0 S696 1.4229691249134653 0.25160088762340493
0 S697 -0.38238660459970675 -1.273868894162451
0 S698 -0.32801009943870624 -1.3786680162706606
0 S699 -0.77743370026313907 1.0534500286634805
0 S700 -1.0603751732190014 0.99387018422825613
0 S701 -0.99597209653964291 0.86155929826088828
0 S702 -0.93556843718897253 0.99549994462144942
0 S703 -1.0206512548041551 1.0557721018259738
0 S704 1.3208168807838743 0.41504698627673381
0 S705 -0.53453490112552482 -1.3665547156854927
0 S706 -0.28429745036695742 -1.1759037906828163
0 S707 -0.94739790360631604 1.1150400723700917
0 S708 -0.32435447347923935 -1.234113890146884
0 S709 -0.35457809527738543 -1.3315487143263001
0 S710 1.3929504156189274 0.40846065320930158
0 S711 -0.37562801591666756 -1.3261252333737301
0 S712 -1.0202980741019678 1.0092512528421964
0 S713 -0.48006988951841767 -1.2736094665611561
0 S714 -1.0357785650816997 1.148861268100078
0 S715 1.3522383206703399 0.31839415434510077
0 S716 -0.50404573472438996 -1.2412354569319106
0 S717 -0.93077001406508064 0.98869551808368972
0 S718 -0.45702071456069226 -1.4115528187783348
0 S719 -0.97017167184602893 1.0031701987717561
0 S720 -0.94843953328998176 1.0052771065340822
0 S721 -0.96015953446935054 1.1564471752619798
0 S722 -0.25506952595044996 -1.3579342943424511
0 S723 -0.42864751375001292 -1.2741300401994742
0 S724 -0.33727675998732609 -1.3192169035203845
0 S725 1.3140579760887254 0.21706168410498214
0 S726 -0.89599556389055623 0.90982118400887657
0 S727 1.3035982649169127 0.38644025585585473
0 S728 1.2902585937566482 0.50367345127687546
0 S729 -0.92326756844153146 0.95815712873591419
0 S730 -0.431821000896839 -1.354177263791092
0 S731 -1.0508711324701501 0.9762043951869015
0 S732 -1.0102701853312495 1.0558203616545352
0 S733 1.4223385024156709 0.38711058403089948
0 S734 1.293632443701944 0.30557240099299304
0 S735 1.3750676735139533 0.37509030373844987
0 S736 1.3042032722776129 0.20178561674178527
0 S737 -0.35088009788167496 -1.3497175058357831
0 S738 -1.0331679099828068 1.0943478735148433
0 S739 1.3507806072846475 0.32626687939871168
0 S740 -0.94103424806367408 0.95487815256432995
0 S741 -1.0382571789386812 1.0674379439429067
0 S742 -1.0054168821135887 1.1565463887433647
0 S743 1.3473540945391389 0.30714434310168598
0 S744 -1.0063927952590743 1.2111881405524747
0 S745 -0.42257215570203033 -1.267669933049864
0 S746 -0.28821578728471919 -1.3233958624070239
0 S747 -1.0433930580657031 1.1013765022619744
0 S748 1.351677137243144 0.27373992217911691
0 S749 -0.40516626010924306 -1.313733950779437
0 S750 -0.97545780556887529 1.038123348915958
0 S751 1.4177944031502925 0.42756123795071549
0 S752 -1.0546654632062105 1.1295986212784195
0 S753 -0.43060801120476699 -1.321338568130638
0 S754 -1.046647342835016 0.9909768776807526
0 S755 -0.25711156177013839 -1.2161563366100927
0 S756 -1.0554607944838437 1.1262498166323238
0 S757 -0.37167445542710209 -1.2830693740619141
0 S758 -0.22980652550470129 -1.2370311082600629
0 S759 -0.31396442810687181 -1.3999798897483322
0 S760 1.5507045165007511 0.37925486246863305
0 S761 -0.57601706110624817 -1.252718413496088
0 S762 -0.96147133336627133 1.1221795585583325
0 S763 1.4253716579259654 0.42151319270306903
0 S764 1.3068862708660771 0.18136104092635408
0 S765 -0.97553189902190274 1.1141180796064647
0 S766 -0.9345308322056024 0.98127458103698895
0 S767 -0.98896417668498982 1.1171918479228278
0 S768 -1.0187835820187026 0.89097111574317134
0 S769 -0.45036616995431805 -1.349708952355559
0 S770 -0.48321256079917874 -1.1508123406635049
0 S771 1.2861382104236059 0.36976294577657465
0 S772 -0.94397136759572731 1.0944328920335553
0 S773 1.3138631512705332 0.34103224938092241
0 S774 -0.96434164641628473 1.1619445693394843
0 S775 -0.97444460473939543 1.1326670849423071
0 S776 1.3959592916842907 0.30154484889857019
0 S777 1.4725273495054909 0.38975495708062785
0 S778 1.3456633882873181 0.38242556494889851
0 S779 -0.9894449201360328 1.0139798183349404
0 S780 1.3983792732016942 0.42142779985700568
0 S781 1.3818881350024534 0.24230126091950044
0 S782 1.2473183143907098 0.3376632661907179
0 S783 -0.89245944924409037 0.97791179518137172
0 S784 1.3615481808327166 0.28684735387054067
0 S785 -0.99069889498606711 1.1528135901791268
0 S786 -0.39274636914413846 -1.2356253732979581
0 S787 -0.47087771800253858 -1.357156073178879
0 S788 1.4476590405941221 0.4229481309973887
0 S789 1.4577571889106133 0.57530295674832543
0 S790 -0.26510644530734828 -1.2748105467094455
0 S791 -0.93805731410314119 1.0983104517432538
0 S792 -0.37495551750922795 -1.253934146398928
0 S793 1.3650869025426653 0.30221576676692652
0 S794 -0.97010467647614351 1.0311348750418081
0 S795 -0.30478092974378845 -1.3045582199986752
0 S796 -1.0797617877090147 1.1399996778858354
0 S797 -0.40533679610763257 -1.3397742180050303
0 S798 -0.36559837019347347 -1.189601376265591
0 S799 -0.92537986801190608 1.1532549712474132
