0 S0 0.063318794186122754 1.3591427430787275
0 S1 -1.2409138618354605 -0.70074542496397063
0 S2 0.0038426992952488234 1.3843653596810792
0 S3 1.0344897730384071 -0.60165468200852656
0 S4 -1.2112785030591384 -0.74702812725528311
0 S5 1.3638642648753814 -0.75581884722336889
0 S6 1.2913990195731975 -0.66327016332719135
0 S7 -0.02613694154524572 1.3702774362631971
0 S8 -1.172784594951376 -0.84230762219345912
0 S9 1.3208757655168299 -0.70735673588256454
0 S10 1.1882902937068835 -0.75551376307072082
0 S11 -0.0086186351987702619 1.4360751111952881
0 S12 -0.072405267667667736 1.4304711614507772
0 S13 -1.1053490591939734 -0.77106705447926627
0 S14 1.1681953340267199 -0.68026276150118148
0 S15 1.3021385941161399 -0.6876600018618122
0 S16 -0.084964154344027029 1.4475716701861208
0 S17 -0.12476080430222247 1.4226784821977283
0 S18 -0.15406388730519155 1.5066182709770986
0 S19 1.2799707535751901 -0.68132575231434833
0 S20 0.066150624355937299 1.4511107566126222
0 S21 -1.1550206334224955 -0.89095790375005002
0 S22 1.1246965408743119 -0.67535385412111304
0 S23 -0.34514681725167606 1.5022353827996131
0 S24 1.2367380922611833 -0.63200752911355962
0 S25 -0.060714329009046324 1.5228712654488437
0 S26 -1.1893631190448943 -0.88545854919340283
0 S27 -0.058065692941519517 1.4557283410127291
0 S28 0.085381668012912179 1.5037614843388252
0 S29 -0.12702098000743745 1.3599291311166268
0 S30 -1.3092640482339164 -0.75828037430580719
0 S31 0.088377853119745262 1.4728043264937849
0 S32 -0.1038858776811962 1.391197519224606
0 S33 0.0029782884872344628 1.4003647514089586
0 S34 1.2311927863239585 -0.5169220844560144
0 S35 -1.2364800298800451 -0.72336555768305122
0 S36 1.2933228159844308 -0.68729371941928685
0 S37 1.3835965008536724 -0.58818246734922119
0 S38 -1.2531575552216885 -0.82735539393310686
0 S39 0.060550995591328545 1.4716243407717882
0 S40 1.2854357292834868 -0.70639699953685864
0 S41 -0.12613492468728793 1.421107712634617
0 S42 1.1874618643978685 -0.60746168999606542
0 S43 1.2401134372968494 -0.61328841997255235
0 S44 1.2394927605206361 -0.64982089618140293
0 S45 -1.236759364661651 -0.7206174503503997
0 S46 -0.039675803616569666 1.4977896311380234
0 S47 0.048996177699341156 1.4125641691849542
0 S48 1.2614326590914275 -0.68790394426215162
0 S49 -1.0696555686360094 -0.71663917456692983
0 S50 0.017517346447306219 1.439757466841717
0 S51 -1.1483790283327779 -0.76291525263732485
0 S52 -1.0794464028134774 -0.69514418734374195
0 S53 -0.10335936340489875 1.4799323410275607
0 S54 1.2733237827846724 -0.66429248822301368
0 S55 1.2926442548104953 -0.74009903991607018
0 S56 1.3037266431486598 -0.6702673803514031
0 S57 -0.15312572622210424 1.4848256945760669
0 S58 0.0075929519504410467 1.5117985605977038
0 S59 -0.15037355390546991 1.5602445162538501
0 S60 -0.090808790844858267 1.3868274745316793
0 S61 -1.2143252772423503 -0.74146948481276354
0 S62 1.2291975289085595 -0.60908024781798908
0 S63 -1.3260008495586431 -0.75512059470071391
0 S64 1.05474878255013 -0.68603305100320033
0 S65 -1.0948123251687767 -0.81329040754068771
0 S66 -0.063059856145431206 1.4244660797243029
0 S67 -1.0760842733805753 -0.75078557064601348
0 S68 -1.2835127653864058 -0.78586538142755935
0 S69 -1.1304611641923754 -0.68388855400866366
0 S70 -0.048856107792683123 1.4164039294812945
0 S71 1.3422114247452113 -0.5121803159390752
0 S72 1.2551992329929227 -0.46589175194418286
0 S73 -0.067388388469643845 1.413121418564226
0 S74 1.2958005065449083 -0.71338566365414702
0 S75 1.3203877580201209 -0.57054741593334146
0 S76 -1.2216067751146003 -0.6736684353166289
0 S77 -1.1931694560950681 -0.69191483107867646
0 S78 -0.093329255127972466 1.5109338075678596
0 S79 -0.12241799594925752 1.46856313110194
0 S80 1.335346821633107 -0.60768264977655251
0 S81 -1.2920419786122073 -0.82413926177834185
0 S82 -0.053185204584937786 1.403699807770187
0 S83 -0.11301020871222199 1.4311372690698252
0 S84 -0.086018523220272133 1.502970500507095
0 S85 -1.1103212294520064 -0.69005019828564451
0 S86 -0.1619649650946049 1.5426166616979868
0 S87 1.2866676539136104 -0.64305521192429704
0 S88 1.2265959363703183 -0.73400436938450431
0 S89 1.3664140431604705 -0.64961449214291611
0 S90 1.2818033064505792 -0.72749596460437382
0 S91 -0.0055355861218203996 1.4253589010784382
0 S92 1.2199267154333056 -0.67099042896209748
0 S93 -0.11169392619341019 1.5210037922177104
0 S94 1.2218406506230792 -0.50950614705645214
0 S95 1.3969178815737424 -0.69081946756365009
0 S96 1.2996731483917034 -0.66213184258662006
0 S97 1.1914079145859906 -0.70375296979222768
0 S98 -1.2867009671049328 -0.71766281079246597
0 S99 -1.216223185228325 -0.72955459976060422
0 S100 1.2162621848457602 -0.65308741589166741
0 S101 1.341515527475232 -0.62722391065828342
0 S102 1.285866362465498 -0.61668125039802568
0 S103 1.2787772217863982 -0.64565243486519464
0 S104 -1.1060745321994347 -0.75702298985439309
0 S105 -1.2493488847442655 -0.85941970552037317
0 S106 1.17832125926183 -0.6527508297521184
0 S107 -0.13506663277551167 1.5146755705446535
0 S108 1.3075998215694922 -0.54525272189908125
0 S109 1.277352774903765 -0.68435968569587946
0 S110 1.1988248133034491 -0.6219886531727935
0 S111 -1.0892867737907777 -0.87295083537800711
0 S112 -1.2347677998511819 -0.76412999739453225
0 S113 1.2173136320866009 -0.68474082037608963
0 S114 1.24663361995962 -0.5980020092257905
0 S115 -0.12542776820673093 1.4607444995121439
0 S116 -0.018994032382335702 1.3389880479533662
0 S117 -0.061394469849606399 1.3323377020178897
0 S118 -0.058626432847013972 1.5859121607821447
0 S119 -1.1217694958295885 -0.78441247095995237
0 S120 1.2991284471615483 -0.60727932281865216
0 S121 -0.077315997026784211 1.5320868898554363
0 S122 -1.1998634856227188 -0.82362890777942765
0 S123 1.2867968998284256 -0.69886148288608196
0 S124 1.2995173209826245 -0.66263627201108821
0 S125 -1.1575389560078708 -0.64629496644164031
0 S126 0.0070103143293861001 1.392873464101432
0 S127 -0.13939068849887415 1.5884007529698156
0 S128 -0.29372118408371145 1.3872406908664243
0 S129 -0.10432130335870171 1.4742832404987349
0 S130 1.2426303490295838 -0.62664188185652125
0 S131 1.2738192861754583 -0.46512117927598784
0 S132 -1.2311862036741734 -0.68095590017161967
0 S133 -0.075017429651385775 1.3592397274379098
0 S134 -1.1584461845343308 -0.75163861994232295
0 S135 -1.2899459112699758 -0.68029679722205239
0 S136 -1.165410922818986 -0.7856538333333638
0 S137 -0.040505865266764987 1.5024365854816084
0 S138 1.2139967058537762 -0.65017160729139289
0 S139 1.264755258052241 -0.52471506640325916
0 S140 1.3186531037781908 -0.6831397829317617
0 S141 0.013669816554033249 1.3948001199199587
0 S142 1.3577528621838375 -0.56469685607275555
0 S143 -0.14840881451480131 1.2985030733403122
0 S144 1.2004620492386018 -0.49417799402398005
0 S145 1.3153501074261387 -0.62867626559389567
0 S146 1.025321305956 -0.46438356246125684
0 S147 1.2681577116739136 -0.69234574938176086
0 S148 -0.19404912649885114 1.5739554077336104
0 S149 1.3295425774476022 -0.72080155420700665
0 S150 -1.3459673428894181 -0.75511506457439681
0 S151 -1.2094837990670235 -0.7861943822280365
0 S152 -0.047110573330589878 1.5077470031200122
0 S153 -0.013826542514952911 1.5090240020988415
0 S154 -1.2183694600004125 -0.81936243596514147
0 S155 1.1566915607191954 -0.76266714829030824
0 S156 -1.1682334857693362 -0.76009733810318858
0 S157 -1.2361925950124284 -0.94776780857244369
0 S158 -1.2336975448315692 -0.71743008611886705
0 S159 1.2520131378798243 -0.66278755287245106
0 S160 1.2140469584281905 -0.745652331944616
0 S161 1.2661317248700754 -0.58529549952958648
0 S162 -1.1679195543309575 -0.69107983065668521
0 S163 -1.1242246924665016 -0.78590567578368575
0 S164 -0.072552272980975052 1.5531148025390356
0 S165 -1.2221075781042832 -0.78985124434196452
0 S166 1.3386409291590882 -0.6080559683864355
0 S167 -0.080206186614928107 1.3935895044970998
0 S168 -1.2980044107756523 -0.69932063158868318
0 S169 1.191305255750406 -0.65672477912337279
0 S170 -1.0714228324590005 -0.76091427027542524
0 S171 1.3328762358732877 -0.58007770160996919
0 S172 1.2406162474214635 -0.60085627065967739
0 S173 -0.01138319790069982 1.4916401812930871
0 S174 -1.1848833468135087 -0.72992427023959539
0 S175 1.2969747563805818 -0.67655967323781041
0 S176 -1.1090431270910286 -0.77973639579570142
0 S177 -0.039087475282122246 1.4607061606996008
0 S178 -1.2279319249579839 -0.69691763133084583
0 S179 -1.2218537690766127 -0.78300898158359034
0 S180 -1.1679129656430263 -0.692388634247041
0 S181 -1.1561034052983381 -0.77997018657832995
0 S182 -1.0557281004154804 -0.71969830585032546
0 S183 -1.1199825579820701 -0.69875615464129293
0 S184 -0.066899562719515013 1.4082008191286857
0 S185 -1.1989651206992262 -0.72848302534375742
0 S186 -0.030152275966906127 1.4203224247898023
0 S187 -0.045941887570586828 1.4290693335496889
0 S188 1.3133757606146024 -0.70279915310569863
0 S189 -1.1376789939097558 -0.8515371368155823
0 S190 1.2739833508118403 -0.52767253542178594
0 S191 1.3683766738260423 -0.61487718065259289
0 S192 1.2768828608337925 -0.70132362204230492
0 S193 1.3253962491921081 -0.70198575024278964
0 S194 1.3088846021110825 -0.69693896666813004
0 S195 1.3907122581676032 -0.61500932680776643
0 S196 -0.055636646957010899 1.4669697385001494
0 S197 1.3443302597244451 -0.73738197902949332
0 S198 1.1494952986787408 -0.63147962763569443
0 S199 -0.1280365671122573 1.5261519539662065
0 S200 1.1890675453568051 -0.67241775213869837
0 S201 -1.2201973730691731 -0.85678726848031461
0 S202 -1.1135317295616607 -0.61992801142155018
0 S203 -0.11918336885342946 1.3627886090497798
0 S204 -1.2592041064329142 -0.64822245399759182
0 S205 -1.2442584996387271 -0.72706669249915146
0 S206 -0.027782581069813479 1.3706188615349413
0 S207 1.2370464301635551 -0.6361145652456649
0 S208 -1.0813239718537988 -0.73526429387635128
0 S209 1.2344750799426429 -0.58698125274162039
0 S210 1.3840074882708677 -0.64099093953068054
0 S211 -1.1483315547642945 -0.58177717615853553
0 S212 1.3225598725256853 -0.62234032429565922
0 S213 -1.2156007355110661 -0.79983449620997027
0 S214 1.2624013842791393 -0.58376885921294142
0 S215 1.3775091543561651 -0.66315178135054542
0 S216 0.011487833458772722 1.348559714111333
0 S217 -0.004433966041716907 1.3674295783411283
0 S218 -0.075948423943448362 1.3802994258473167
0 S219 -1.1002884062250538 -0.80721086544504339
0 S220 -0.097715679883145529 1.3829663898136966
0 S221 -0.016921737532195082 1.3486776152660265
0 S222 -0.054503195460751157 1.3883205881361909
0 S223 -1.1755690848322906 -0.75273039049900448
0 S224 -0.086266186603867326 1.2757572185732275
0 S225 1.247538347757859 -0.61315001487191634
0 S226 -0.050500890140401315 1.3763733738080806
0 S227 -1.106719629180033 -0.63678349631115061
0 S228 -0.10777941376472831 1.3581642314559643
0 S229 -0.052417857496143638 1.5181126907018774
0 S230 -1.1246482152361537 -0.77587069899424244
0 S231 -1.1890310873597167 -0.72000873083398476
0 S232 1.2793928397719936 -0.53187715331368501
0 S233 1.2913215885593852 -0.56709877193814806
0 S234 -1.0888480524859168 -0.79167586105183252
0 S235 -1.1488122350229877 -0.61206221756562573
0 S236 -0.023976808301200487 1.5849390497947697
0 S237 0.0054995079207274629 1.4430331231500297
0 S238 -0.067168801127010638 1.3594571284862127
0 S239 1.1040520096178785 -0.47910304238019874
0 S240 1.1798862909937629 -0.56856511702668699
0 S241 -1.238713669974016 -0.76445365252653608
0 S242 1.3373721681706807 -0.67527470049666083
0 S243 -0.042100935395031229 1.6347832306283385
0 S244 -0.015655534651492432 1.4697664103064538
0 S245 1.1549690404767314 -0.53979559084223072
0 S246 -0.1254237132290261 1.4148792577651972
0 S247 -1.104606514712196 -0.72724297517412195
0 S248 1.3341573887723956 -0.64436663541471151
0 S249 -1.2536436833578768 -0.74123891435675837
0 S250 -1.1339864120303085 -0.89185722651638133
0 S251 -1.1874031471578232 -0.69326345587834182
0 S252 1.3037995498875294 -0.61204392972115174
0 S253 -0.079871512807446463 1.4565877282387849
0 S254 -0.0278972780776548 1.5051476700410866
0 S255 -1.0955229940217897 -0.71736621191473171
0 S256 -1.1090976179222414 -0.614774305887546
0 S257 1.2708592402133216 -0.72795222444475938
0 S258 -1.1620564699108447 -0.79524932616111932
0 S259 0.0088486079776641524 1.4031158503152354
0 S260 1.1925776425462997 -0.60256991657508197
0 S261 1.2205941169743146 -0.68917186174528366
0 S262 -0.071521740052253355 1.2700569318564014
0 S263 1.2321826147956307 -0.76399633354277485
0 S264 -0.089214553936462979 1.3687533426820842
0 S265 -0.9854910714394538 -0.72731960097320436
0 S266 1.2899561608894166 -0.59078445845974337
0 S267 -0.12415181271520218 1.5642260615216907
0 S268 1.3714888637618978 -0.71166213850664883
0 S269 -0.089538370067891962 1.5110697916751439
0 S270 1.3138089140351112 -0.70327120582768499
0 S271 1.1558171882299395 -0.55706610183636296
0 S272 1.2700948302031807 -0.62916263156145091
0 S273 1.2514487758090103 -0.57476553774638139
0 S274 -0.10671083401268502 1.4422684634179566
0 S275 1.1357345545814148 -0.61716540376673446
0 S276 -1.2354273639116604 -0.68929301593005265
0 S277 1.2488246934844747 -0.55342065965757115
0 S278 1.1454973989834565 -0.63537436807486147
0 S279 -1.1913088268244554 -0.82954519264240867
0 S280 -1.2637421153019839 -0.87608016504470276
0 S281 1.1498197811383093 -0.62766044537481736
0 S282 -0.066364767141066733 1.5235180825502788
0 S283 -1.2411974621295563 -0.78214475720754617
0 S284 -0.010231490960103647 1.4070420426070818
0 S285 -1.0901570287301756 -0.78398550187622584
0 S286 -0.038187555832579219 1.4974973362873334
0 S287 -0.073483452805313682 1.417568154761996
0 S288 1.2812871573306364 -0.6910485116694739
0 S289 -0.033325522925683929 1.4826854355351686
0 S290 -1.2860161636246896 -0.76454728968111019
0 S291 1.3033655293107385 -0.64635519772442362
0 S292 -1.1638687617240193 -0.78177952714694599
0 S293 -0.099423311332133363 1.5512986511339599
0 S294 -1.2169583288270029 -0.73116387051930742
0 S295 1.3279816160686317 -0.56742794432850485
0 S296 -1.0807986248233006 -0.82970608888324082
0 S297 1.1637867495068925 -0.61621380632257861
0 S298 -0.12250528063616686 1.3846927975951933
0 S299 1.2636575818943048 -0.6109913563011069
0 S300 -0.026187233699555564 1.4056184137745789
0 S301 -1.0537452972680859 -0.86415227297518282
0 S302 -1.1250175563677889 -0.60863675398764272
0 S303 1.3599598200549463 -0.47533679446335847
0 S304 -0.091066411611826326 1.422829794818917
0 S305 1.257708398464829 -0.63216500155891431
0 S306 -1.1238113597845691 -0.6950398329673575
0 S307 1.0794860924211864 -0.73554032208867681
0 S308 1.2914381392179211 -0.63133113180153033
0 S309 -1.2705490861541666 -0.78340786178467459
0 S310 1.2705896402757662 -0.75267070457017982
0 S311 1.2431478027903167 -0.58051807466221894
0 S312 1.4109110621135625 -0.7001156820939376
0 S313 -0.082241970019055477 1.4150780039271791
0 S314 1.274114576879958 -0.5853308350591323
0 S315 1.3137033895354127 -0.5949189919567055
0 S316 -0.037499484188757502 1.4318166028860269
0 S317 -1.3394777701967555 -0.83772567262857012
0 S318 -1.1347364490027092 -0.76869145811399942
0 S319 -0.072606917514997885 1.4950673448829059
0 S320 -1.1617205886148589 -0.72558647344004323
0 S321 1.3120369944354171 -0.60093884556555222
0 S322 0.012531675160298759 1.4033950334411303
0 S323 -0.00029645508708779384 1.3245693163044063
0 S324 -1.1782125658968272 -0.67122804153995341
0 S325 -0.12600995181840668 1.4663002979775241
0 S326 -1.0931981367924088 -0.66699426411926011
0 S327 -1.0672778064946145 -0.6883670167545537
0 S328 1.1279467176990932 -0.59633252333239006
0 S329 1.3017805361860095 -0.69184160234234382
0 S330 -1.1385200653664822 -0.81001177739926733
0 S331 1.1986095480142056 -0.65065433198851541
0 S332 1.2010629870674063 -0.70685190385395269
0 S333 -0.28191679119308644 1.3408388648995899
0 S334 1.330783364503094 -0.58740227067407347
0 S335 1.1861079064854192 -0.65888758629221622
0 S336 1.2428361639374288 -0.66616992244147577
0 S337 -1.3090002157556189 -0.64608256069121273
0 S338 1.3031077630447252 -0.58897049937561075
0 S339 -1.3044454988466418 -0.83073497787362827
0 S340 1.2700497776467177 -0.5979534559943559
0 S341 1.3015754281234717 -0.5035522754569014
0 S342 -1.0754300080750829 -0.73303843774467281
0 S343 0.031976299062728197 1.5866830861421179
0 S344 -0.072182569876078143 1.4722215597557109
0 S345 -1.1710600315146582 -0.71909844283462765
0 S346 1.1675318868075097 -0.62361198227708081
0 S347 -0.015846038502416827 1.5111554739138191
0 S348 1.1738640806460052 -0.66334632033608654
0 S349 -1.135293203618571 -0.77189204825726543
0 S350 -1.3384318008091987 -0.82799039474670311
0 S351 -1.1183581369284672 -0.74770306589584989
0 S352 -1.0139906873302946 -0.85984616007010095
0 S353 -1.30488301111336 -0.78003894604379487
0 S354 1.3205952206326288 -0.70882405225044942
0 S355 1.2366189226175881 -0.53159905534726437
0 S356 -1.1985966676363418 -0.78658877942934557
0 S357 1.2928781895851487 -0.60344763128425238
0 S358 -0.16115360881352556 1.403466957877423
0 S359 -1.3241368709670438 -0.84393060304261425
0 S360 -1.1624446873881802 -0.78176920401030314
0 S361 -1.1806318790136718 -0.63209164721156919
0 S362 -0.063962277614840191 1.3545890738394484
0 S363 1.2247945715603872 -0.68003962960321584
0 S364 -1.1775791868121979 -0.7005178985908993
0 S365 1.1254462643990182 -0.59621513590671671
0 S366 -1.1106881096235059 -0.79683003599315305
0 S367 0.013174096067396677 1.3638047058433027
0 S368 -1.0275862153768556 -0.79725891566953266
0 S369 1.3812935585212311 -0.69021066129179587
0 S370 -1.1769640537370891 -0.78026630671977026
0 S371 1.2967140394194574 -0.60017327209242632
0 S372 -1.1916001709654469 -0.81472037206961001
0 S373 0.0070022916301641465 1.3971788624491241
0 S374 -1.2810050158979767 -0.78818828244824768
0 S375 1.2977084491100885 -0.50286783487994302
0 S376 -1.128410138282538 -0.57680947382452774
0 S377 1.190296609951593 -0.62676705502393548
0 S378 -1.214414630046279 -0.71852471168739163
0 S379 -1.1146499863066937 -0.84162150533763269
0 S380 -1.2062310740076359 -0.6763303127997109
0 S381 -1.1660100421746635 -0.74668440585680862
0 S382 1.1823344714890029 -0.61717965344437042
0 S383 1.3622852459326451 -0.68250600505311909
0 S384 1.3218011935838045 -0.64024215992601896
0 S385 1.1955613575209081 -0.39603143697380522
0 S386 -0.11136178437286676 1.3615769589266604
0 S387 -0.038938425522508681 1.3378769340908272
0 S388 -1.2022469524704964 -0.65111661556245826
0 S389 1.1511842694163423 -0.60817886557427536
0 S390 -1.2371158304941035 -0.81655773464700032
0 S391 -1.2049711527341951 -0.80702327782608418
0 S392 -1.1946340956366639 -0.77491778628384966
0 S393 -1.2438142232080531 -0.79152663176580207
0 S394 1.2050243087788821 -0.58452352651830519
0 S395 1.2849194743464609 -0.57162608961843531
0 S396 -1.1862378078017728 -0.73236688577815434
0 S397 -0.030161671207040504 1.5546754882383562
0 S398 -0.061481109640061544 1.4439217165973237
0 S399 -0.064957107821483284 1.3577338852315279
0 S400 0.0039239536565331551 1.4589807779479056
0 S401 1.3199010901667225 -0.60150588713747433
0 S402 -1.0988823743130476 -0.74095978938452978
0 S403 -0.081792055709949185 1.4499855862800426
0 S404 -0.097974461759572293 1.5029539839948083
0 S405 -1.195192642547718 -0.69979271995026782
0 S406 1.2330846850229704 -0.70240889099260861
0 S407 -1.2313609743470566 -0.78064639545294212
0 S408 -1.2744989920985583 -0.84562194488667342
0 S409 1.2077765864202532 -0.65525948822493807
0 S410 1.1632149143760944 -0.65765919633614756
0 S411 -0.11082017130311797 1.3809397770814318
0 S412 -0.040264529464540136 1.2359275545614878
0 S413 -0.014983664153547654 1.439178973204958
0 S414 -0.032818886521483716 1.5083309029177283
0 S415 -1.2589654793915435 -0.70707415607556501
0 S416 -0.11665202017817027 1.4539496007373727
0 S417 1.2791680388880009 -0.6406265074410098
0 S418 -1.146624740139693 -0.7306208439879005
0 S419 1.3017267735528089 -0.77457589070757182
0 S420 1.2499096747953411 -0.56971794753668425
0 S421 -0.11005217327982442 1.47267125666113
0 S422 -0.13590026890206991 1.4938209320581788
0 S423 -0.025049795998628104 1.4347383319367706
0 S424 1.1687848218122867 -0.59866229232712687
0 S425 1.3498378564454099 -0.73725289959799745
0 S426 -0.19260438477216343 1.4149177444642462
0 S427 1.2617953296575284 -0.76833740558481578
0 S428 -1.1694407846372195 -0.66468373514256385
0 S429 -1.1713755013916745 -0.68551006354201238
0 S430 -0.065196223809233872 1.4435083024333246
0 S431 -0.087042272405613477 1.4110741216457396
0 S432 1.2228677936018295 -0.64062261904460549
0 S433 0.050542232961649433 1.4474218803724268
0 S434 1.2602120351552339 -0.59994910044912797
0 S435 -0.11489409887609132 1.3349421063191866
0 S436 -1.1484713468309407 -0.64206573348110696
0 S437 -1.1156531768377238 -0.78533980616690124
0 S438 -0.058894526854527028 1.5851229713888204
0 S439 -0.0076028066991846791 1.4028444299196074
0 S440 -1.1957781628424695 -0.78146507647808128
0 S441 -1.1962690617277185 -0.83049889151607781
0 S442 -1.0963553183401651 -0.8314364580810083
0 S443 -0.090608105857155952 1.2299675437828044
0 S444 -0.056116401394815218 1.2520917330671726
0 S445 -1.1142368339937583 -0.87094882983955146
0 S446 1.2848581444665443 -0.60688875867963132
0 S447 -1.0584332467394713 -0.7370932781345968
0 S448 1.2053747073530701 -0.50528424046010534
0 S449 1.1810279266252486 -0.56872389601426254
0 S450 -1.2292829715741622 -0.68949003929171959
0 S451 0.052371807927514433 1.4808548235928234
0 S452 -1.2114105020192842 -0.74002557037708139
0 S453 -0.1613259939076066 1.5653842454485345
0 S454 -0.10350683303063936 1.4482769397773021
0 S455 -1.228462103382822 -0.8423227247316678
0 S456 -1.1178980005337193 -0.83588554903903656
0 S457 -1.2813012381938003 -0.63784114280654369
0 S458 -0.16358440492146642 1.3703864531792884
0 S459 -1.120733024211668 -0.79727053932449721
0 S460 0.11363688763385653 1.3358638734930166
0 S461 -0.055486660745433403 1.4372162382076226
0 S462 1.2601220632373336 -0.61018332198660163
0 S463 -1.1766231958431281 -0.74544932533751473
0 S464 -1.0724854959086072 -0.60998780775291961
0 S465 -0.10417762447186618 1.475503320024989
0 S466 -1.1924556390682244 -0.69822964551284938
0 S467 -1.1690064222019581 -0.80154069750791734
0 S468 1.2131655335452585 -0.70232196136947689
0 S469 1.1582697666501347 -0.57348992960352396
0 S470 1.2240458470437061 -0.44488914326714613
0 S471 1.2643118086472365 -0.73123414718040158
0 S472 -0.95891519160363181 -0.72989250100490854
0 S473 1.2314689959298109 -0.61583850041705768
0 S474 -0.044375581313021634 1.4726660817872539
0 S475 -1.0930446913462257 -0.83345790953294241
0 S476 1.2203883043924202 -0.53197391694816498
0 S477 1.1730756379886365 -0.65440763184742901
0 S478 -1.1344104008656131 -0.65595882051182353
0 S479 1.2143518211163049 -0.55649640902273978
0 S480 1.1896200088257343 -0.51412168229581445
0 S481 1.1775083044588197 -0.70522448921553393
0 S482 -0.20233899763096896 1.3656614947200034
0 S483 -1.0982973693280838 -0.86078543858357448
0 S484 1.2582849946062382 -0.62158565460860049
0 S485 1.2980227235402393 -0.66200323249644999
0 S486 0.13681843104844416 1.3736669855082109
0 S487 -1.1761832916292385 -0.59510729560227837
0 S488 -0.046734499515361703 1.504455087628098
0 S489 1.1672043459767001 -0.64917542063792044
0 S490 -0.15125514722048808 1.4139941446269042
0 S491 -0.047994264074146087 1.4982089770889166
0 S492 0.069385499835767792 1.383251471769622
0 S493 -0.086820549101200475 1.438551717840495
0 S494 -1.2192186706966366 -0.69452525603918747
0 S495 -1.1120498963957623 -0.7346318734587276
0 S496 -1.1631227782408935 -0.72983690340915663
0 S497 -0.13999490189169209 1.3842391252878221
0 S498 0.068945003326778775 1.447022399716914
0 S499 1.1313224213825319 -0.58967123277346889
0 S500 -1.1187662857831058 -0.86469471321631519
0 S501 -0.10444884316022911 1.4349692354034418
0 S502 1.1914952888906751 -0.60494908983308648
0 S503 -0.17114015907369337 1.4993909947970849
0 S504 -1.2111145128270471 -0.67011113082742002
0 S505 1.3146171454209625 -0.74648656396969482
0 S506 0.0083611074222145615 1.4114143286704823
0 S507 -0.089600200482064046 1.5146726396440495
0 S508 -1.2275886536452278 -0.86712631585777666
0 S509 -0.071469043935997317 1.3965166235121262
0 S510 -1.2105840750726082 -0.66212365512889348
0 S511 -0.11154424348557919 1.4380951256415047
0 S512 1.2708709717945279 -0.71254925136302028
0 S513 -1.1804428731088552 -0.73541889773729674
0 S514 1.2843025734529556 -0.73529152507561168
0 S515 -1.2113279585081189 -0.71292863156969666
0 S516 -1.1494091479901203 -0.77241688782961304
0 S517 -1.4181497785124952 -0.74065591692488153
0 S518 1.2978257424739603 -0.56420142637516135
0 S519 -0.11215302053486914 1.408148090116353
0 S520 -0.12249613776852608 1.4666574626728708
0 S521 -1.0585686625944724 -0.74562178737397988
0 S522 -1.1324584134471898 -0.69696228106551228
0 S523 -0.054063491774201118 1.5177132300141667
0 S524 1.1741285421093572 -0.67446972359563939
0 S525 -1.022143622015302 -0.64806099993646438
0 S526 -1.2884077296863179 -0.80851442083881842
0 S527 -0.052413809947657465 1.3720234534559714
0 S528 -1.1700038359098546 -0.77771252988449247
0 S529 1.2632298140740166 -0.56560489324515584
0 S530 -1.3087151149568719 -0.73653415456481475
0 S531 -0.12438106872115758 1.4905846362892494
0 S532 1.2145208139214303 -0.66539744128568201
0 S533 -0.12162255045947995 1.4460457675350578
0 S534 0.035757332603575227 1.3748040689541683
0 S535 -0.10268745934778004 1.4834000649763956
0 S536 -1.2872925614880353 -0.74680933153010742
0 S537 -1.1922083555501222 -0.74564956248084469
0 S538 -0.098602200383041586 1.3903359396824087
0 S539 1.339097032433713 -0.64501683628547901
0 S540 -0.1286910976302762 1.5183367684098978
0 S541 0.0090720010013874332 1.4109297797556184
0 S542 -1.2805859286550823 -0.86149103844843999
0 S543 -1.1915260112116073 -0.71631782923471299
0 S544 -0.99906978309646799 -0.7809212853313241
0 S545 1.1622517584043395 -0.61640060682736009
0 S546 -1.2832784973093923 -0.83387302197168955
0 S547 1.1991960270538451 -0.65999967173925345
0 S548 -1.0471561716883953 -0.64171649818080645
0 S549 1.2598273549537535 -0.66820288026733154
0 S550 -0.19010992674540692 1.344741315971651
0 S551 -1.2683284789088662 -0.75023034495021168
0 S552 1.2847130970059448 -0.66151280450373162
0 S553 -1.1762955387371874 -0.74609999241971414
0 S554 0.029187555475292507 1.4615421643690876
0 S555 -0.11302522725664993 1.3501645083954277
0 S556 1.2542980295649591 -0.67505660094616105
0 S557 -0.026753654154050812 1.5070915519257997
0 S558 -1.156418791098994 -0.77951636868915175
0 S559 -1.068243504132939 -0.71734932281405539
0 S560 -0.16461538920960025 1.4504687648211929
0 S561 1.3252474361122486 -0.58208438398172679
0 S562 0.042963986415667746 1.4122145262006418
0 S563 -1.2279018466619354 -0.80131038523602127
0 S564 -1.2101934539573329 -0.67079635853662323
0 S565 1.3119603886831974 -0.68254405790982009
0 S566 -0.11754162984480013 1.332443840794306
0 S567 -1.2229444321670773 -0.7331027755116547
0 S568 -0.10373866050846144 1.4994344080755251
0 S569 -0.095074460003099798 1.4315362618751954
0 S570 -0.15664175160365296 1.6052769595399932
0 S571 1.2930038581210777 -0.52656040480659105
0 S572 -0.12489260646094608 1.5864897192237797
0 S573 -1.1485774233372545 -0.68722681315264622
0 S574 -0.075436612770405018 1.3862764253797266
0 S575 -0.011688879957913336 1.4572567836343147
0 S576 -0.041385661071946932 1.3985922088181917
0 S577 1.1642625128535002 -0.55703462479188448
0 S578 1.2015946193744467 -0.54616231948919081
0 S579 1.1623380548779989 -0.53598946183986251
0 S580 -1.2119939193908451 -0.70343039354047343
0 S581 1.1228148247455965 -0.58539944588508386
0 S582 -0.11185863360495292 1.3022876022883989
0 S583 -1.0169449491834528 -0.56450670627906729
0 S584 -1.2220012628166421 -0.7215237336543302
0 S585 -1.1464301813620519 -0.71246078931194912
0 S586 1.2829733118229385 -0.63293422773385177
0 S587 1.3487776760150063 -0.66322778429546447
0 S588 1.199857600160896 -0.67285369887865976
0 S589 -1.2670228561961094 -0.78595214761216459
0 S590 -1.1431292335048835 -0.80034190342069611
0 S591 -1.1282631399526502 -0.8910048472695784
0 S592 -1.23347774016905 -0.69647525051372983
0 S593 1.3003605907107076 -0.6904917813175887
0 S594 -1.1920610220552437 -0.60439138357305611
0 S595 -1.0866076584104123 -0.8613927552916576
0 S596 -1.1458759298053245 -0.68168176452764351
0 S597 1.1347450767150999 -0.56735755536206556
0 S598 -1.1975434754207943 -0.676416977496342
0 S599 -1.0349832625823019 -0.75349907775671765
0 S600 -1.2207036099082491 -0.85935080413817622
0 S601 -1.1959585921501756 -0.72520225089780022
0 S602 0.031125214940120789 1.3630987075998582
0 S603 1.40392941388393 -0.6616236031811793
0 S604 -0.046853596375694119 1.42426864196793
0 S605 1.2539557541237318 -0.64427919138593071
0 S606 -1.1156653480609626 -0.7000224853644581
0 S607 1.2672582354021387 -0.6371824127166601
0 S608 -0.098258848519845621 1.5841595466568648
0 S609 -1.3232159903442509 -0.74627072983092824
0 S610 -1.2229618927288093 -0.76445851963685107
0 S611 -0.17593163434876968 1.4392090963661119
0 S612 -1.1126994131639474 -0.77674457694381072
0 S613 -0.23132437666479899 1.4969453348943322
0 S614 -0.081366778151042568 1.4698363012514435
0 S615 1.2086614690647723 -0.60594017267121736
0 S616 -0.07309569455794826 1.3783065281581794
0 S617 -0.11263376616577962 1.3317156257433711
0 S618 -1.1928482256348523 -0.82999731797209719
0 S619 1.2849626357671267 -0.59610969623704291
0 S620 1.169466107592549 -0.50888578239822513
0 S621 1.2965804184482743 -0.80772549216205691
0 S622 -0.17893899674274985 1.4480732105744998
0 S623 -0.019920330377685213 1.4067322304281187
0 S624 -0.18445075985122647 1.3760901084222308
0 S625 1.2064311985625955 -0.61539195495624566
0 S626 1.1925128205563365 -0.70074062864021291
0 S627 -0.14418153816038815 1.3798701748810864
0 S628 -0.044478001020047994 1.5174252819865286
0 S629 -0.073558212967924211 1.3886548752974379
0 S630 0.010468346446634471 1.5235218142603142
0 S631 -0.10040102573528255 1.4224569618033385
0 S632 -0.065158671513082037 1.4301941473331199
0 S633 1.0718014321417701 -0.58590005411071266
0 S634 -1.2744413697480452 -0.75611309041725083
0 S635 0.030243529681369254 1.4868352743217534
0 S636 1.2275235849206361 -0.61688812887556876
0 S637 -1.1624389682087433 -0.84451336944072719
0 S638 1.2774684609755127 -0.66279375440133548
0 S639 -0.10446235295248468 1.510084130743268
0 S640 -0.18796571321329217 1.5112102259972073
0 S641 1.2548622780072121 -0.58261307951044616
0 S642 1.3707895711330211 -0.59448305472588792
0 S643 -1.2068516452709483 -0.73497066867265115
0 S644 1.1494234169952906 -0.69711830810858333
0 S645 -0.079799747296157991 1.4582088761960625
0 S646 0.024772040636409878 1.5124708811340446
0 S647 0.053635592294858862 1.4365065960875978
0 S648 -1.1394633332166531 -0.82034850638748102
0 S649 1.324275018930247 -0.59006834902099459
0 S650 -0.092074199502318058 1.4201783156476673
0 S651 -1.2025472795297276 -0.96581269581916707
0 S652 1.2664509381514308 -0.69063100232847097
0 S653 -0.068643960554811603 1.4258519418100464
0 S654 -0.097391672398385323 1.5570598175548225
0 S655 -0.035180861489611047 1.3531782981592606
0 S656 -0.17291103058410398 1.3972213145833272
0 S657 1.2829972759939907 -0.58613024094729338
0 S658 -0.059558356134157643 1.5411138926831152
0 S659 -1.1037353599523114 -0.83873330279193203
0 S660 -1.0064414667966799 -0.7000367649863436
0 S661 -1.1764599683299919 -0.76785298988513584
0 S662 -0.21106647868476883 1.3777505379014026
0 S663 -0.0885668196632243 1.390052088193328
0 S664 1.1521042020727086 -0.55427723813948981
0 S665 1.2620485755580386 -0.58999339621881108
0 S666 -1.1354769182102988 -0.82694880180489538
0 S667 -1.2119846641098129 -0.76450644150869318
0 S668 1.2508782556493701 -0.6935439439054667
0 S669 1.2724614568750068 -0.60774283141554009
0 S670 -1.2419145004953884 -0.72562041013862444
0 S671 1.2387570223445286 -0.61793642870586629
0 S672 1.2077423594402081 -0.54050179736829618
0 S673 0.024669507360145098 1.3881543111525976
0 S674 -0.072020723808051301 1.5194632292303025
0 S675 -1.1280896603325752 -0.805167993757957
0 S676 -0.26582626960747452 1.352519988590668
0 S677 1.243592290455241 -0.55156027430145949
0 S678 1.2664546130505534 -0.59986409338525237
0 S679 -1.192519973067528 -0.70012220947846038
0 S680 1.2149733755902388 -0.72604803519635064
0 S681 -0.11307252609993075 1.3736496740995419
0 S682 -0.060465882890255701 1.4214637867049136
0 S683 1.3158046472175013 -0.5937987278256851
0 S684 -0.058689647451806444 1.4917474111369846
0 S685 -1.0579338581187274 -0.71149033635447467
0 S686 -0.064776243122260574 1.3272841424489297
0 S687 -1.1949359647368687 -0.7012723080836829
0 S688 -1.1369290846981324 -0.66888507062611091
0 S689 -1.1609077996378714 -0.74473453843957826
0 S690 -0.070534038882696187 1.4984202687121375
0 S691 -1.1882999415070674 -0.8411274239580403
0 S692 -1.2363303890968151 -0.85575493919295453
0 S693 -1.1232074596177937 -0.71311333186144443
0 S694 1.1013898333707626 -0.61816514834506919
0 S695 -1.2463255972281473 -0.8392575538782524
0 S696 -0.085983218105709136 1.4320879402340612
0 S697 -1.0075803832016812 -0.70203304893181018
0 S698 -1.0474616250035349 -0.59542613409289924
0 S699 1.1878587330133337 -0.68093338776532508
0 S700 -1.1430297775495641 -0.83254413293340757
0 S701 1.1391543202287999 -0.81278227013616622
0 S702 -1.1156061142009099 -0.6866758406997916
0 S703 -1.2300675790250619 -0.74590649360445371
0 S704 -0.061807727327412632 1.332188790503956
0 S705 1.2632067960920526 -0.71768147576379626
0 S706 -0.031270319729103636 1.3092014651809178
0 S707 -1.1107944415514208 -0.61020572767803682
0 S708 -0.056498255142453498 1.2869774395387281
0 S709 -1.2520644990111049 -0.85042435940031869
0 S710 1.3157064602327195 -0.66788793903227595
0 S711 0.038702580013665749 1.343803413214957
0 S712 -0.077422719979071603 1.443989277357234
0 S713 -0.061099301829884385 1.3631401713467401
0 S714 -0.17400213921663787 1.4707048321962992
0 S715 1.3334491183419013 -0.55843271534946359
0 S716 -1.3783735654587692 -0.93420023215956705
0 S717 -1.1133662309428067 -0.78329061667685063
0 S718 1.2952276754656118 -0.61028695599811866
0 S719 -1.1288815957054734 -0.70922646450632687
0 S720 1.3766894449030125 -0.62353099450411886
0 S721 -1.2318428716306986 -0.71372199720045992
0 S722 1.2163501496017777 -0.66036546163085208
0 S723 -0.073323567348447319 1.4682547205405312
0 S724 -0.02750100430357651 1.4221375875080593
0 S725 -1.2245667038889143 -0.71056906594495395
0 S726 1.2637219472107435 -0.48500786528996437
0 S727 -1.1047844448227226 -0.74168045818090722
0 S728 1.1212102865832607 -0.63901113279051147
0 S729 1.2066087978178592 -0.50727635761464029
0 S730 1.2353780648175956 -0.65141525216014173
0 S731 1.2662366928633066 -0.61690031509705101
0 S732 1.2336967192518937 -0.72779119846020135
0 S733 -0.10118409510156511 1.4432958369301589
0 S734 -1.1955531162257169 -0.75169874534154191
0 S735 -0.071906232939615858 1.4486259682205085
0 S736 -1.1915095114677201 -0.63815917464746796
0 S737 1.2665393566059537 -0.60045645124369962
0 S738 1.3497002522775094 -0.63010265624161188
0 S739 1.2318212354970492 -0.56734218677766224
0 S740 -1.0956863374773596 -0.77022905602807612
0 S741 -1.1781892952806652 -0.84294068470986061
0 S742 -1.1831368972305598 -0.64344169848234944
0 S743 -1.1434433727348789 -0.77120781161815044
0 S744 -0.14541897012316576 1.5342178966454039
0 S745 -1.170540999296968 -0.5638901870095463
0 S746 -1.2596599340773298 -0.77014178781214282
0 S747 -0.068271980390713985 1.3737266351298281
0 S748 -0.13146570427508741 1.3113025129056013
0 S749 -1.2577068612479465 -0.77223757257957693
0 S750 1.316662787557709 -0.60244176969841845
0 S751 1.1590753930967741 -0.56591564895737723
0 S752 1.2567636331865477 -0.56166990373813086
0 S753 1.149152780476961 -0.64317406595084015
0 S754 -1.0119291785288604 -0.72234361474840048
0 S755 -0.099104273931251555 1.4689999924615806
0 S756 -1.26378873238209 -0.81392686217033439
0 S757 -1.2553810311685285 -0.64139626459586785
0 S758 -0.015040277588615135 1.4001178424239904
0 S759 -0.082090310277022072 1.3870890316748488
0 S760 1.1477481646303203 -0.69002876492894583
0 S761 -0.036232314201669572 1.4685307897417137
0 S762 -0.074182210655894032 1.430977160148541
0 S763 1.2586867036607974 -0.69324467926242783
0 S764 -1.1254155840698339 -0.74880430548242671
0 S765 -0.20911078768168292 1.4921508074814669
0 S766 -1.1230642889770992 -0.75824175720154241
0 S767 1.1873986438239648 -0.68277048082572556
0 S768 1.1801976711735855 -0.77906025490426178
0 S769 1.345426754912874 -0.60183407549319845
0 S770 -0.017234039147670292 1.3990940413092883
0 S771 -0.089560119436646213 1.4081371005155578
0 S772 -1.154340519258588 -0.7780093285353572
0 S773 -0.10682246185030378 1.5322259667955349
0 S774 -1.094167934005275 -0.7737172344820672
0 S775 -0.082865737163971206 1.507699033477957
0 S776 -1.0339580573303602 -0.72199924406888771
0 S777 1.2136109034049014 -0.77083445946110707
0 S778 -1.1141045148499154 -0.70311213581449239
0 S779 -0.044317127758598994 1.3873492766021416
0 S780 1.3810234925194638 -0.64138441054134976
0 S781 -0.070655640957593233 1.4039278453620816
0 S782 -1.2937403453047343 -0.79219668080605965
0 S783 -0.075411869784591287 1.2562593265167816
0 S784 0.056248546338062026 1.5039960092823355
0 S785 1.3101323479038631 -0.68534294299243659
0 S786 -1.2249883210414887 -0.67486003469903055
0 S787 -0.080999843057256701 1.5457338971156203
0 S788 0.044764497549201462 1.5263619952337879
0 S789 -1.1245019376757588 -0.6896209439444495
0 S790 -0.19707575411054168 1.4221187983434116
0 S791 -1.0636775666274219 -0.71461995552696278
0 S792 -1.2410554828788072 -0.84118888325101504
0 S793 1.1378109520377162 -0.66449230262733427
0 S794 -1.1872753867635253 -0.88896839971364872
0 S795 1.2749397892340446 -0.66475232062611689
0 S796 -1.0767254846928778 -0.64201007753889927
0 S797 -0.062940772720527047 1.4306505519806223
0 S798 -0.096349863793581958 1.2848576197320223
0 S799 1.197154743401192 -0.58840677506518224
