0 S0 -0.13508780378459587 1.4685428190766443
0 S1 -1.1712378461184818 -0.7156017362786371
0 S2 -0.037795379511764302 1.3945334030352663
0 S3 1.2021822319220314 -0.79825405377317926
0 S4 -1.1571967170106729 -0.61454264156782468
0 S5 0.0034042566452564395 1.3955245695206457
0 S6 1.2118829109188309 -0.67780174179589381
0 S7 -1.3368020788184343 -0.74553419633071705
0 S8 -1.2356443998933959 -0.70294847075219236
0 S9 1.2410420851917539 -0.87988065203699073
0 S10 0.055055494429772055 1.2467471256476632
0 S11 -0.044255088486852119 1.4739091857598268
0 S12 -1.2194963828526475 -0.73526053868568797
0 S13 -1.0903065150047477 -0.77357508819912757
0 S14 1.3641656896535128 -0.66506220314753872
0 S15 -1.1330927352340572 -0.77731703663792306
0 S16 1.2486323678643365 -0.62754868962374399
0 S17 -1.094053915408296 -0.67154372343397351
0 S18 -1.1901157911326727 -0.72696773474558007
0 S19 1.3069563719566335 -0.65953162593553671
0 S20 1.3974976955245242 -0.68903246761625281
0 S21 1.2242110957230814 -0.71947346154252534
0 S22 1.3467308262120108 -0.76280557279302563
0 S23 -1.1648721094067374 -0.91766802167052031
0 S24 -1.1528210535617764 -0.64730880990562845
0 S25 -0.085624200425088018 1.2853653645489769
0 S26 -0.037714202974299511 1.3386767853867891
0 S27 -0.11469480964308873 1.5381406631270182
0 S28 -0.02340409934716486 1.2987586444549144
0 S29 -1.2261586629797718 -0.75638587766447352
0 S30 0.046888087453926704 1.4705726725455837
0 S31 1.1722754354497384 -0.72243544854021713
0 S32 -1.2845674557370614 -0.73212787537785107
0 S33 0.025283224861638524 1.488756810114773
0 S34 1.3188757630694816 -0.68648143180272414
0 S35 1.2531555505210252 -0.78302274830605167
0 S36 -1.333890657584901 -0.69817577995199387
0 S37 0.038222924565791613 1.4097920569253664
0 S38 -1.0579332599423725 -0.64841102169622578
0 S39 0.034059086346493475 1.3327779898938679
0 S40 1.2082141786479392 -0.75945896285156933
0 S41 -0.070779802604827829 1.440710161282784
0 S42 -1.1740515079769713 -0.75534754563797057
0 S43 -0.030192705379204408 1.4882704062072656
0 S44 1.273455293575817 -0.728527980729888
0 S45 1.217482094163554 -0.79418255384881464
0 S46 -0.052270121683317738 1.2829977893134545
0 S47 -0.11261282520571238 1.2841893515958922
0 S48 -0.062036922833832754 1.3863377915333464
0 S49 -1.171030252537185 -0.7961121776762029
0 S50 -0.05493743102012906 1.3816455893998707
0 S51 -1.2350018145171493 -0.71697440400733881
0 S52 1.2272062618570145 -0.68932850089835274
0 S53 0.04591522689370605 1.3624353409252554
0 S54 -0.043243754610126063 1.3686161430966237
0 S55 -1.1417196760692434 -0.70746661305472291
0 S56 -1.1008318795284422 -0.86796317870045891
0 S57 -1.1792308829402356 -0.6970840982718457
0 S58 -0.094136961036292946 1.2711309492617835
0 S59 -0.11533415631026817 1.323524724098587
0 S60 -1.1580663953312798 -0.74527996776611971
0 S61 1.4466346754744874 -0.78244060359194001
0 S62 1.2880392848276521 -0.69790132786807035
0 S63 0.030709611779795792 1.3600543056341998
0 S64 1.2449307402359391 -0.89605455586832916
0 S65 1.2063185012391098 -0.72083527476326537
0 S66 -1.177403492403172 -0.60507766822905018
0 S67 -0.032799185755559269 1.4507440388082211
0 S68 1.2723517785251968 -0.71998953755524209
0 S69 1.1477034509531918 -0.74624431370769584
0 S70 -0.13440177324435174 1.3017873681430827
0 S71 1.410009525752596 -0.73112143808933416
0 S72 1.3589288876573937 -0.72836922696418249
0 S73 -1.2031101527246664 -0.80667363263376524
0 S74 -0.074318126821069988 1.4300351803878881
0 S75 1.2639623150060824 -0.67946299031545276
0 S76 -1.1276260201592541 -0.69481693993563698
0 S77 -0.068412801058007025 1.4332373650554251
0 S78 1.2032547647575411 -0.72629992387453968
0 S79 -1.1539003495322799 -0.74413920880343309
0 S80 -1.2432402144463002 -0.69249568649928972
0 S81 -0.086672648637183672 1.3331170616504571
0 S82 -0.0680347865750629 1.3827426423154197
0 S83 0.047762452577043306 1.3655820865310748
0 S84 -1.2391659140071423 -0.76665234573107865
0 S85 -1.3318824448700461 -0.83794660080872163
0 S86 -1.2150349125506288 -0.76026762084606603
0 S87 1.3021237335148255 -0.68649673515395004
0 S88 1.247354459530247 -0.83764823263729271
0 S89 -1.1453577759995737 -0.72623052182177361
0 S90 -0.07851921995132824 1.3152512250664805
0 S91 1.2044680594264299 -0.81635723852451691
0 S92 1.3942111152359309 -0.67528368657576665
0 S93 -0.0086549079279689984 1.3469560536085212
0 S94 -1.2571488971732807 -0.75921516420779878
0 S95 1.294513898805608 -0.61626330292896281
0 S96 -0.023733199675608635 1.381177490912975
0 S97 -1.1950422382634125 -0.6815984831529428
0 S98 0.039032630163852305 1.3523736421817703
0 S99 -1.1702766401641191 -0.75005613986524822
0 S100 1.1928495884053427 -0.6809540219214858
0 S101 -1.2232343974249393 -0.72794002652241818
0 S102 1.2645204382945112 -0.66478049683617124
0 S103 0.18972433494333385 1.4657935840386864
0 S104 1.2810209278917868 -0.65300264370658123
0 S105 -1.2436254528267141 -0.69641453013802124
0 S106 0.0230246300118651 1.4212396612682592
0 S107 -0.013741395141600032 1.3736177513407108
0 S108 -1.246601876533306 -0.90008379512974623
0 S109 0.010725440308880825 1.2998759003038147
0 S110 -1.1963797552578945 -0.77377942277759992
0 S111 1.1226096130223002 -0.64354257133946813
0 S112 1.2716090981512758 -0.74949397210417401
0 S113 0.0078255512535464616 1.2397569191379838
0 S114 1.299508596276016 -0.7460158763434005
0 S115 -1.2002826127520834 -0.68752414599273093
0 S116 0.12260070240067659 1.3851415772871687
0 S117 -0.021604446275531063 1.3794127262660694
0 S118 1.1193014138594184 -0.58118640799946331
0 S119 -1.0936089240154667 -0.70468656477967906
0 S120 -1.1639813668259202 -0.80661119166690298
0 S121 -0.1049722069062522 1.3763004636959137
0 S122 -0.015254355819785625 1.3230718986294903
0 S123 1.3371420216198016 -0.65837679368744895
0 S124 -0.040327915424207002 1.3796707920557991
0 S125 1.2652355404167999 -0.68491597293494089
0 S126 -1.1367535474628874 -0.81856091784970453
0 S127 0.026797206718257138 1.404953953923298
0 S128 1.1481671037431624 -0.6809410089625888
0 S129 -1.2327949626075483 -0.75320286522647317
0 S130 -0.030791213570855614 1.3076920973196426
0 S131 1.1797297985964919 -0.65745817417142627
0 S132 -0.032283379853953402 1.4219208736118942
0 S133 1.2059826431920173 -0.68254699144697839
0 S134 1.2376019122950921 -0.79553260162043893
0 S135 1.3508379255634091 -0.66317102988472232
0 S136 1.1727226603118779 -0.71812169453490482
0 S137 -1.2722226680778062 -0.75903383529278057
0 S138 1.3473880209941596 -0.55128817250461648
0 S139 1.2436526603197693 -0.82480268797184753
0 S140 1.2427869039076693 -0.77396283169019009
0 S141 -1.1437809558157228 -0.73752840922023088
0 S142 -0.069712000392456383 1.3563456361229409
0 S143 -0.068118635327478749 1.474821960970256
0 S144 -0.040105165191841846 1.3527741412223762
0 S145 -1.2025593276246513 -0.70455446538943556
0 S146 1.3144064169384413 -0.67230910039094216
0 S147 -1.1774145823086257 -0.78941670290529165
0 S148 -1.1370452345483661 -0.76656044514626087
0 S149 1.3231833468393572 -0.74737312628918973
0 S150 -0.025648933805391169 1.2635225503525311
0 S151 1.2703737029880593 -0.74578625998470172
0 S152 0.049873415253875737 1.3463286255848497
0 S153 -1.23646781503412 -0.70513232793217318
0 S154 0.04050936855822769 1.2378513089673882
0 S155 -1.2013926865246618 -0.64606931387922095
0 S156 -1.2046026629669031 -0.66409850191698638
0 S157 0.023815011106106145 1.2999312695415388
0 S158 -1.224800972666044 -0.80841934641293078
0 S159 -1.1532754001916985 -0.71854221442240473
0 S160 1.3703736985790094 -0.73819487879365664
0 S161 1.0396862141591692 -0.66052884269100354
0 S162 0.08396187727039206 1.2895293393997649
0 S163 1.2282385551392523 -0.70329918705495098
0 S164 1.3123989075744074 -0.6322506684626773
0 S165 1.3869123978259272 -0.67973409907321991
0 S166 1.1388510750775049 -0.61067137272167038
0 S167 -1.2111610440977028 -0.8555076430690115
0 S168 0.11422710992787453 1.3914031912405218
0 S169 1.3602137252062017 -0.62141353077283801
0 S170 -1.1539847178508598 -0.78113441253379168
0 S171 1.1806412234258805 -0.63172318111649983
0 S172 1.3461893083281531 -0.69457754191409582
0 S173 -1.3006926052344654 -0.72507826090462735
0 S174 1.2217802547055774 -0.68844835957565953
0 S175 -1.3739301791687315 -0.73442771888741643
0 S176 -1.1900794635425527 -0.80037303716583341
0 S177 -1.2626066693464759 -0.63124602418618003
0 S178 -1.1542304481053538 -0.57217149296710201
0 S179 -1.0946213183172224 -0.78218861279733731
0 S180 -1.3283427657854736 -0.77137905031941323
0 S181 -1.1832235121047636 -0.72056530016451581
0 S182 0.10578820514369115 1.4273120965515713
0 S183 -1.1778817271393689 -0.60108674442415166
0 S184 0.046335603575866552 1.3184101914356887
0 S185 1.2101792727487179 -0.79343152732796252
0 S186 -1.1579602913743521 -0.73198832684283455
0 S187 -0.013480685907712581 1.3536822609873245
0 S188 1.2350515526902395 -0.69118798618841881
0 S189 1.1343647534256425 -0.83193081315818551
0 S190 -0.086481146044564777 1.3656501515101724
0 S191 1.2404212898778575 -0.75498930844409085
0 S192 1.223186890485618 -0.70342779475762252
0 S193 -0.0056264612892150461 1.4728397653925165
0 S194 -1.2002543014200786 -0.75772309367279289
0 S195 0.097995104853763601 1.4537639368962978
0 S196 -1.2039834857873339 -0.74670134799740484
0 S197 0.059731368799592469 1.3060611940768923
0 S198 1.2567027552635848 -0.68946399380062884
0 S199 1.3136926399142974 -0.67501639416763859
0 S200 -1.1918255370359392 -0.77180961198744635
0 S201 1.2896344653995371 -0.82690119704408682
0 S202 1.2301412489160384 -0.65566100773688862
0 S203 1.3695655684953598 -0.68314993658664436
0 S204 0.0064034569486455728 1.3812116942407016
0 S205 -0.037271432656050818 1.4056525656514218
0 S206 -1.2244998275685599 -0.66575754912623264
0 S207 -0.069393396929481002 1.3680063663470265
0 S208 0.0040596244009048436 1.3600120738411692
0 S209 1.3939870898645685 -0.61711764732876562
0 S210 -1.2167022540991401 -0.70930347549761008
0 S211 -1.1537849542895124 -0.76123411664101848
0 S212 0.047066240838471302 1.4613006362667655
0 S213 -0.021106247872255249 1.3437371648760659
0 S214 -1.2422273865679432 -0.83444936725946972
0 S215 -1.2995312485808288 -0.75133724838298788
0 S216 1.2449718800718572 -0.76342902809690993
0 S217 1.3709390045291072 -0.7566826931489391
0 S218 1.2375825326696308 -0.805481875645367
0 S219 -0.086850713090566731 1.5361440225103313
0 S220 -1.1504799321454955 -0.73666399376517977
0 S221 1.3902813189149343 -0.74178113001491663
0 S222 -1.0972388963575348 -0.76835994633699178
0 S223 0.054795744895025263 1.407912441814329
0 S224 -1.1594056501014032 -0.81856500694173528
0 S225 1.2525847256540033 -0.61011013224502364
0 S226 0.014191592073615308 1.4333017750693857
0 S227 0.050029776594241647 1.4352325956602332
0 S228 1.2295717997952393 -0.6554554979652073
0 S229 -0.17055477705908695 1.2473487039374653
0 S230 -1.2524735600066552 -0.65329826377980982
0 S231 -1.281414695265102 -0.85122447256377276
0 S232 1.3362936369543266 -0.76320702929835893
0 S233 -1.2654354460079242 -0.82511526401816915
0 S234 -0.042136739885949195 1.2560269371655337
0 S235 0.0078461044411576916 1.3842259614262313
0 S236 -0.07877581244382921 1.3417556035915146
0 S237 1.2090665568786274 -0.76208235965223914
0 S238 1.2457309250507091 -0.71494897913647226
0 S239 -1.2685338018391674 -0.70246401126950975
0 S240 1.1227244170964261 -0.77853550023296414
0 S241 1.2037012846222912 -0.68174170166600023
0 S242 -1.2762609776345302 -0.85683816577243155
0 S243 1.3077089861500035 -0.7191394797629076
0 S244 -1.2416652762584053 -0.78910382547708047
0 S245 1.194187158715545 -0.69344303974219201
0 S246 -1.177565903575615 -0.82773312581009661
0 S247 -1.2776803021091163 -0.67367236161349409
0 S248 -0.011324638722628087 1.4551415447668763
0 S249 1.2652740253325623 -0.69860397371372407
0 S250 -0.015449244158757869 1.4574785816339617
0 S251 0.025044784908476617 1.3651025807212709
0 S252 1.3368456796351813 -0.75290125684168452
0 S253 -0.011550890437550051 1.4486685235496775
0 S254 -0.090077247692101153 1.3174508585656493
0 S255 -1.2730771556812657 -0.71134448598422462
0 S256 -1.0942684698701997 -0.66898504751081356
0 S257 -1.1471437765439993 -0.66513509791174186
0 S258 -1.1833741829658424 -0.74622704226899728
0 S259 1.2860168073165537 -0.81469402550096215
0 S260 -1.2698728629775642 -0.74082978635940189
0 S261 1.2825148167891438 -0.63046599108282508
0 S262 0.077953265289251922 1.4304143923600854
0 S263 -0.040178658175378711 1.2507211012436084
0 S264 1.2050195536604427 -0.79603172363462871
0 S265 0.044877429459801575 1.3443608751325749
0 S266 -1.1439462014115998 -0.65754361835957986
0 S267 1.2912403872184028 -0.75611858892254069
0 S268 -1.2822740101621353 -0.73920715928496827
0 S269 1.1403426026292298 -0.75190674057001383
0 S270 -1.2193571605105931 -0.75875521531590107
0 S271 -1.1893784776671061 -0.93067093149262026
0 S272 0.0030262505252965782 1.3975413893747037
0 S273 0.039642810553330202 1.4289877097693788
0 S274 0.097565218026678058 1.4119014192243811
0 S275 -0.010131360268739809 1.5069714528554834
0 S276 -0.043976199266841189 1.3216882795811087
0 S277 -0.086256015576595152 1.4771302260017836
0 S278 -1.2100563250488821 -0.75667744119528924
0 S279 1.2598507317851277 -0.79630010603646939
0 S280 1.1705993479270562 -0.72800685721392533
0 S281 1.2445354199523946 -0.72358875771148612
0 S282 1.2410217864555697 -0.59890737387428006
0 S283 -1.0865499146047481 -0.75328265183949117
0 S284 -0.027582651642759793 1.4307263935718797
0 S285 -1.1754706684192902 -0.67686153237441882
0 S286 -0.1526269071863614 1.4054023606317751
0 S287 -1.2052436911679809 -0.69377689176565882
0 S288 -1.2939439478917396 -0.66786454867981548
0 S289 -1.224866564528438 -0.82384531379049031
0 S290 0.013446419306960175 1.4675253091052696
0 S291 1.3508800566367292 -0.67717717499789609
0 S292 1.1750063592319 -0.62152413231873471
0 S293 1.2568894694553778 -0.67294839559263797
0 S294 -0.035295316512476825 1.378792425409936
0 S295 -0.083337329422625478 1.3402383369479491
0 S296 -1.2452600869328823 -0.71718792379604368
0 S297 -1.204360589087593 -0.79859443607301062
0 S298 1.135753788225339 -0.63313874991600727
0 S299 -1.1613206642607725 -0.76885231515348762
0 S300 -1.2291604927352302 -0.75726112375323229
0 S301 -0.048785998396636478 1.4454238335317324
0 S302 1.2786855115459084 -0.66183276046850426
0 S303 -1.1843827301838044 -0.63878841125902019
0 S304 -1.0787416365997797 -0.77517544912544478
0 S305 1.3321361448350839 -0.81519801420332172
0 S306 -0.11358533680733394 1.375967086705532
0 S307 -0.026969265832070263 1.3923904057700145
0 S308 -1.17275106282549 -0.75654489693611304
0 S309 -1.188216839278855 -0.72554307061126222
0 S310 1.371368606190642 -0.82983004616809675
0 S311 -1.2221508633300995 -0.69950460193328035
0 S312 -1.1676725195056967 -0.69428007388812729
0 S313 1.3240240699601709 -0.63680052502632678
0 S314 -1.31100523060573 -0.69750797134655718
0 S315 1.4305080970236841 -0.62464251284421113
0 S316 -0.080007545347540995 1.3664902364494445
0 S317 1.2530321613225699 -0.72053235589237186
0 S318 -1.1366831937601471 -0.75444001466446597
0 S319 1.3126181241714818 -0.62592261708531804
0 S320 -0.074008944396948786 1.4690243021560059
0 S321 -0.030588247000254233 1.3177540861783366
0 S322 1.2011446320892241 -0.70672795179088854
0 S323 -1.2001578882867159 -0.62423144378854922
0 S324 -0.014571219388502964 1.3707297577724871
0 S325 1.1344064986874409 -0.78322640412599998
0 S326 -1.0780767385344929 -0.68698909100889982
0 S327 -1.1956903243111341 -0.69820679140186981
0 S328 0.21613045284999743 1.3485773173588937
0 S329 1.2140615445767156 -0.7343765436194748
0 S330 1.3871164673429899 -0.72167056272275143
0 S331 0.0083909500236414372 1.4064468186011956
0 S332 -1.162874889133094 -0.8111563901873583
0 S333 1.2691004136881758 -0.67561659041216449
0 S334 -1.0832132429804757 -0.68867305809286772
0 S335 -0.064586547765422067 1.4466840641234266
0 S336 0.17670736264633263 1.409140017574432
0 S337 1.197084884776328 -0.84075984416496319
0 S338 0.038503134622180517 1.3370887829126297
0 S339 1.275203851073921 -0.65952789911903842
0 S340 -0.033610266227155142 1.3847286785941837
0 S341 -1.0375813147053616 -0.827325492937794
0 S342 1.2864092337257758 -0.71183849995248494
0 S343 1.2247413079731937 -0.64904231321070893
0 S344 1.2795401133046649 -0.63193626571683836
0 S345 -1.15695026380504 -0.73305264765049272
0 S346 0.062549058158514317 1.3314399014210929
0 S347 1.2664134982265456 -0.72364277610617067
0 S348 -1.1195790888136112 -0.76192661797534533
0 S349 -1.0378958253550721 -0.80326579433208967
0 S350 1.2625604931495555 -0.67558412318029681
0 S351 1.2692510882125174 -0.65807694778307646
0 S352 1.213184259502762 -0.65023283944743759
0 S353 -0.09790299463594819 1.4207200811900484
0 S354 1.3667438716077607 -0.74106598775716315
0 S355 -0.023978660629052864 1.5067337231544959
0 S356 -0.17020171032060638 1.3601668219231757
0 S357 1.1558580182965141 -0.67936386502068358
0 S358 -0.046088096802380601 1.4417716807240368
0 S359 1.2242922399436891 -0.73892775860970539
0 S360 1.2700754316459546 -0.71845356840697849
0 S361 -0.0086145746976712678 1.4355944661277527
0 S362 -1.1258452409986834 -0.5639819508860251
0 S363 1.2690461295547599 -0.78830785113992463
0 S364 0.00089474721213173469 1.4162820259013682
0 S365 1.2267207161319582 -0.68001880648849566
0 S366 -1.165335661028521 -0.71586492161737214
0 S367 -0.08177459568362222 1.3405320516250363
0 S368 1.297407796449582 -0.7356694251812671
0 S369 -0.038692107779601727 1.4874071039422467
0 S370 0.11858717691693856 1.3566261651231946
0 S371 -1.0506219965074246 -0.70916354857031338
0 S372 0.024136048132425505 1.341550639315952
0 S373 -1.2254135173169403 -0.68346255038537296
0 S374 -1.2667850936588503 -0.69698092688269375
0 S375 -1.1717009290749796 -0.67744391532728099
0 S376 1.2699658396396989 -0.69252303829099193
0 S377 -1.1434428107276229 -0.7164987121864127
0 S378 -1.1824784307205189 -0.74824879727267035
0 S379 1.2909440620808419 -0.66059897942610202
0 S380 -1.2271992745736993 -0.62767587641929512
0 S381 0.023735665100692437 1.4301876647160781
0 S382 -1.1696618098385863 -0.84518667833645444
0 S383 -1.2049565995301381 -0.64912401024821453
0 S384 0.126321224349597 1.5122286399437577
0 S385 1.3271752920750124 -0.888406966688289
0 S386 -1.1563663061183478 -0.73075598331598657
0 S387 1.1833119906254843 -0.68842449419767204
0 S388 0.043067052335346516 1.4101924009576374
0 S389 0.03756611275182873 1.4551144235577453
0 S390 1.170729608693355 -0.65535308035842388
0 S391 -1.2123286417753731 -0.78328926602003313
0 S392 0.080524654188821418 1.4313337010537033
0 S393 1.1931891100556808 -0.70648864856700855
0 S394 -1.3047923758388476 -0.66614066182209586
0 S395 -0.12953940754154869 1.5434480764707219
0 S396 -1.1584011223107593 -0.77930821327719701
0 S397 -1.2900801853917352 -0.6914032314787617
0 S398 -0.12541756591039743 1.4414174841277747
0 S399 -1.1339905215948463 -0.80007992677878803
0 S400 1.2624660443792188 -0.77807933724501777
0 S401 1.2524972233215077 -0.72528988495683455
0 S402 1.2521814674498237 -0.60576441410895687
0 S403 -1.1717031354307164 -0.72896130487156274
0 S404 1.2738309822624547 -0.61449466224458016
0 S405 1.2857288242280898 -0.63772860900971506
0 S406 0.024417151492596413 1.387448983391389
0 S407 0.073999610830628115 1.4094850759907895
0 S408 -0.0030855709338798733 1.3185557034083917
0 S409 -1.2430227024573228 -0.67707969816226254
0 S410 0.031213192034949249 1.4888131376576184
0 S411 -0.05658267504992872 1.4008176428568271
0 S412 -0.13898260636397761 1.4124373649069204
0 S413 -0.0096642721119944344 1.3717032162655411
0 S414 -1.119027211374394 -0.74891416428524138
0 S415 -1.1713521414866614 -0.85039681139040002
0 S416 0.0059390988056549779 1.3080302600290568
0 S417 -1.1069721574285081 -0.70574287243084055
0 S418 -0.025368399262253705 1.3185242618997266
0 S419 -0.0068154367988947839 1.4462413999873103
0 S420 -1.2279825163315365 -0.66256779706675628
0 S421 1.2475993147874982 -0.67895802943595362
0 S422 0.007412653682327742 1.4845379150538041
0 S423 1.3404742968748229 -0.74154782397285413
0 S424 -0.10429087792202643 1.3325393781354242
0 S425 -1.2549715620281792 -0.76293956796054496
0 S426 -0.031201720893246781 1.4002820977893502
0 S427 0.19241408077288569 1.5016919435946103
0 S428 0.0051924449237302833 1.4474546917507043
0 S429 0.1182497760400263 1.3074194904405019
0 S430 -1.2247551672627479 -0.73042351488431412
0 S431 1.3146513634321331 -0.77189762063441691
0 S432 -1.1781251188182833 -0.7812799073722454
0 S433 1.1354167915539088 -0.76850453065269286
0 S434 1.1942702378446788 -0.77070463557386448
0 S435 1.3603163582341451 -0.69277481740234514
0 S436 1.2491077948240232 -0.72684406921867573
0 S437 -0.028032582572706011 1.3352579630523849
0 S438 -1.1229249718331378 -0.7055880654512664
0 S439 0.060366064582122327 1.4709257730411445
0 S440 -1.2166951863479574 -0.83444809869576564
0 S441 1.2805630957447138 -0.68361020568753905
0 S442 0.052885158962282457 1.4410439873111927
0 S443 1.1841536770603915 -0.65034955968444108
0 S444 -1.1128045364497505 -0.68693615285220011
0 S445 1.2466193895450441 -0.73001587165154391
0 S446 0.055797682155677833 1.4246318870738919
0 S447 -0.021792867956671548 1.3795361043737018
0 S448 0.032209372865639879 1.2953832088801747
0 S449 -0.0092023049858031749 1.3767580710242662
0 S450 1.1948612706794766 -0.75197302037095304
0 S451 1.2633110821846838 -0.77216778844543466
0 S452 1.366974197629262 -0.6016370399520814
0 S453 -1.1519257599652115 -0.72853989188527546
0 S454 1.2896339511119912 -0.72483757272116622
0 S455 -1.301078405684281 -0.70960846863525096
0 S456 -1.1709097725573845 -0.77463553301223231
0 S457 -0.018218008225380979 1.3516136642537147
0 S458 -0.010436442001099581 1.4009811567306309
0 S459 -0.054756004952549932 1.4212621029304415
0 S460 1.3925763617271152 -0.73618075220836787
0 S461 -1.2270285914724048 -0.70134108275961404
0 S462 1.3629317941904278 -0.69000778488079495
0 S463 -1.1433887342509075 -0.67507845836671221
0 S464 1.2545578989387192 -0.64083356668210201
0 S465 1.2576358659062008 -0.74597671800958754
0 S466 -0.099943559553305333 1.2510200333010257
0 S467 -1.1079724991614255 -0.75885432152496068
0 S468 -1.2447220565087482 -0.83742684604932593
0 S469 -0.042236304031966897 1.3205406792678185
0 S470 0.0088102487986063197 1.3574462481141398
0 S471 1.1947719168254214 -0.70709520059447806
0 S472 -1.1981294094259538 -0.69443981891655737
0 S473 -1.1630711615755538 -0.56897784119641948
0 S474 -1.2247678102920054 -0.69171139388058933
0 S475 -1.2031264330347922 -0.85061092425326457
0 S476 1.3141570151335407 -0.74070474561158561
0 S477 -1.0998755222898322 -0.77530374328059526
0 S478 1.228803755366858 -0.66006739303709649
0 S479 1.2544678241328946 -0.68062982419777451
0 S480 1.3127575586405402 -0.76779028485585199
0 S481 -0.033783171248505474 1.2838145126251959
0 S482 1.2671034203799267 -0.62648566401603589
0 S483 -1.2927766959611142 -0.64251751945156299
0 S484 -1.1690251359576942 -0.76857258208168633
0 S485 -1.2108360110479248 -0.76756662596101788
0 S486 -1.1662541235266359 -0.81635427512943803
0 S487 1.3195439820894339 -0.62716496675663869
0 S488 0.036459545730771079 1.4272766442391815
0 S489 -0.044207868637706038 1.5029905211593855
0 S490 -1.12659806136636 -0.75266914767284099
0 S491 -0.049750373035782607 1.3668742257070237
0 S492 -1.2213847153234521 -0.74648228481003065
0 S493 1.2437631894379888 -0.79170135215285686
0 S494 1.2551853778991748 -0.76733108423795204
0 S495 0.031901051919408188 1.324586650129274
0 S496 0.11337085345542604 1.4156017211126171
0 S497 -1.3048953041794111 -0.83934329053805667
0 S498 -0.056826182092715095 1.5083401502133478
0 S499 0.019028161661979914 1.3294703950817777
0 S500 1.3001991535321045 -0.75091995587996763
0 S501 -1.0993102734605358 -0.73889429404665585
0 S502 0.032592106184729054 1.2801190333759382
0 S503 -1.1949328259724912 -0.66360929005530522
0 S504 -0.044048669522025179 1.348399846478171
0 S505 -0.069828504686403031 1.42072456512529
0 S506 -1.155797507180633 -0.68426020897886908
0 S507 0.095351455336588495 1.3514467823352689
0 S508 -1.2599733215841469 -0.86277882809274631
0 S509 1.2881238511378983 -0.76076396936320267
0 S510 -1.2648953286989528 -0.76557399202769405
0 S511 -0.02357049709614796 1.485746706003735
0 S512 0.059805534127708206 1.3920721411705337
0 S513 -1.1382485967990383 -0.60405932477502877
0 S514 -1.104235224335802 -0.78612600597476845
0 S515 1.2622167069747432 -0.73202028347140013
0 S516 -1.1867265106444751 -0.67460294795624554
0 S517 0.002685414330446387 1.3471152963668174
0 S518 -1.1710901310821682 -0.66195317400751441
0 S519 1.3175690476011697 -0.64695307431194005
0 S520 -1.1215724850664344 -0.76802714090355451
0 S521 0.030911373206912146 1.3004513198124501
0 S522 -0.07545489571989035 1.3573855782160102
0 S523 -1.1710112748844288 -0.63063436973054798
0 S524 1.3565102240618658 -0.66934895115592297
0 S525 -1.2896645445899007 -0.76007929875926306
0 S526 1.2935528698002381 -0.71124838242410349
0 S527 -1.2493090738486987 -0.69126101189864764
0 S528 -1.1601482410136217 -0.82888146281184194
0 S529 1.3113213886193369 -0.6953614496567988
0 S530 0.046771462586944049 1.2494603502080237
0 S531 -1.2665240734878602 -0.77745921985292632
0 S532 -1.2638168347367422 -0.77121321629210904
0 S533 1.3367913718174018 -0.78256746973765234
0 S534 1.1810764852248439 -0.59366809026009537
0 S535 -1.1420178517829922 -0.75544418582203854
0 S536 0.06433713550493167 1.3131065588327935
0 S537 1.2050909426333389 -0.75121319502257389
0 S538 1.2182423518880734 -0.79055121176886811
0 S539 -1.1763363609087318 -0.64448262293910608
0 S540 1.2040277090408846 -0.68486635005303598
0 S541 0.046646955618786616 1.3549643314772248
0 S542 -0.036950890378765901 1.4273579762605559
0 S543 1.16488231061603 -0.65843074411940283
0 S544 -1.254090877651417 -0.80351291470727737
0 S545 -0.034744671748884237 1.4482250798635936
0 S546 -0.04380338482154944 1.3365402875327648
0 S547 1.3094129247485276 -0.7004846638515122
0 S548 -1.1777497240082599 -0.78233700093299841
0 S549 -1.3855978579817432 -0.79788511841584109
0 S550 -0.010355646214322676 1.3637941720713298
0 S551 -0.021511333795027822 1.3554280898802238
0 S552 1.3851775964661823 -0.66094997649417497
0 S553 -1.2017305820479647 -0.74381261226615358
0 S554 1.3065942448111967 -0.62791041148641891
0 S555 -0.00054165222878769007 1.4939621648846153
0 S556 0.015666748859343653 1.4554931037750898
0 S557 -1.156149303093003 -0.66698358011631409
0 S558 1.2696932127274216 -0.84500727075734905
0 S559 -1.2308021960758697 -0.82745402837186643
0 S560 -0.013886505822764135 1.4032024119391053
0 S561 -1.1895105567412172 -0.88630599625794904
0 S562 -1.2884895775982528 -0.7201638797354023
0 S563 1.1066718083783307 -0.57786281600742184
0 S564 0.018899345502723586 1.3083023491864285
0 S565 -1.2793425761804693 -0.76730549670360848
0 S566 0.071922424738855129 1.3999639492030962
0 S567 -1.1094573712886755 -0.66731667733582556
0 S568 -1.2663273418720431 -0.6868942172976521
0 S569 1.2789432322857672 -0.71015527149013202
0 S570 -0.080260493100729371 1.3511272288747174
0 S571 1.2458032416339049 -0.69530565643147724
0 S572 1.297240135042371 -0.52439274571565653
0 S573 1.2388963943592408 -0.74245687285225215
0 S574 -1.3249175481707309 -0.76259994401807452
0 S575 0.014896443940011035 1.3199759550666246
0 S576 -1.178013275736892 -0.70881198309812909
0 S577 -1.2553309628377995 -0.6643213114907619
0 S578 -0.03907978244533486 1.3871568324524228
0 S579 1.3722863037409205 -0.90574172630709771
0 S580 -0.097557627613379161 1.3319235429678753
0 S581 -1.2858677781328069 -0.77480235169591827
0 S582 -1.169912853699443 -0.74124792757013325
0 S583 -1.1048867391531814 -0.74566364108754757
0 S584 -0.039781737918273115 1.3500273033912391
0 S585 0.0089190383914088921 1.3089205256373313
0 S586 -0.16633238530407971 1.3792478768601681
0 S587 1.1281142782604217 -0.70428550307578253
0 S588 -1.2585312582008903 -0.63978819405506804
0 S589 -1.1622170952534361 -0.78704811259884955
0 S590 -0.063632414182675512 1.3767543213506972
0 S591 -1.0832596666441836 -0.55007614440487063
0 S592 0.072319253110843779 1.4269731378924599
0 S593 -1.1638891023869715 -0.60520770144560732
0 S594 1.3081531317637154 -0.75831830841816095
0 S595 -0.13192778621298029 1.3753439378935115
0 S596 -1.2688961881811931 -0.70871120295512591
0 S597 1.289819698224034 -0.66641075949033213
0 S598 -0.11204622478898307 1.2920457939713241
0 S599 1.2128393480673814 -0.60169208448517097
0 S600 -1.241290186907863 -0.81456063163311609
0 S601 0.020684774604146586 1.3237240947858893
0 S602 -1.2979206037207316 -0.67962243554668611
0 S603 1.2797763229885024 -0.60313538235329744
0 S604 1.1859027243063129 -0.63768646699852061
0 S605 1.1672927249024134 -0.67853121304812547
0 S606 -1.1805509213126719 -0.64382512079558651
0 S607 0.0037649072599762108 1.3595157178358166
0 S608 -0.044336619859578416 1.4336949128990142
0 S609 -0.052295628944206064 1.3855731501777884
0 S610 -0.0016280913785914788 1.4329458478408261
0 S611 -0.010726286801007167 1.3535360562647949
0 S612 1.21613672717979 -0.79592851737823944
0 S613 1.2170101345974866 -0.7503244884765089
0 S614 1.2291449668644856 -0.76575254635590895
0 S615 -1.3248471798800499 -0.68395045490692952
0 S616 0.03239577927549233 1.2778122845157585
0 S617 1.3217542314114301 -0.67446806573026119
0 S618 -0.032459002045871793 1.4714305659380156
0 S619 -0.084547031610623727 1.4389048819645509
0 S620 -0.069065369743979255 1.3874245301738759
0 S621 -0.13399203619554265 1.4264831117684036
0 S622 -1.2441207215061052 -0.79788281562993202
0 S623 -1.2790251491741509 -0.86004743535041517
0 S624 0.040950542599273262 1.3972737846878869
0 S625 -1.2391179108805825 -0.73959486675586561
0 S626 -1.1857077294456522 -0.79665816753735608
0 S627 -0.067320279934315996 1.5211773631133263
0 S628 0.04073451725531655 1.4698003674657523
0 S629 -1.1269311268235715 -0.68238158377538216
0 S630 -1.2387378633221597 -0.63667767600040837
0 S631 -0.044964672566317566 1.3997352913518823
0 S632 1.245629554574696 -0.65181277341056998
0 S633 -1.2831812309732258 -0.6839885845964343
0 S634 -0.11131801181375701 1.3871276972663154
0 S635 -1.1632144347157027 -0.62195526316677718
0 S636 0.015682356355696855 1.277404942771734
0 S637 -0.056586164126196548 1.3542251592036785
0 S638 -0.048913168520294911 1.4366112488778957
0 S639 1.2850709826733324 -0.77315449490635235
0 S640 1.1926801314747471 -0.58389233463430479
0 S641 0.080282308290310564 1.4666457216420905
0 S642 -0.091059115671908816 1.4542941275056107
0 S643 -0.034063517362423336 1.3944257449817097
0 S644 -1.2161179590944144 -0.76490525867219827
0 S645 1.2574070088417726 -0.69983985058132681
0 S646 0.099698492543159031 1.4090303514678133
0 S647 -0.078473389638116883 1.4318065648096527
0 S648 1.1975011027205622 -0.6359710488884095
0 S649 1.4145967951151421 -0.64938873663409402
0 S650 -1.2317505373406057 -0.67176172438365622
0 S651 -1.2156973546083436 -0.57084519778303056
0 S652 1.179706935798952 -0.77284346796352643
0 S653 1.2331669838686756 -0.80342483606047999
0 S654 -0.01147270910674655 1.3225386685155209
0 S655 -1.2198689418182407 -0.75525917689719846
0 S656 1.3341534159255553 -0.60130052407505652
0 S657 0.056785517940905791 1.3957905729871152
0 S658 0.025007144586910987 1.3388270009862457
0 S659 0.062593778951049756 1.41592947908019
0 S660 -1.1308512820131578 -0.76399237611925452
0 S661 -1.3444668446286039 -0.74847621204469694
0 S662 1.2365700668098742 -0.75703663900221263
0 S663 -1.4099672811936401 -0.65279749402660392
0 S664 1.2857444218054213 -0.65144281375679924
0 S665 0.19579159275529237 1.3735006874033726
0 S666 -0.069010175679694849 1.3470906332978778
0 S667 1.195516106354845 -0.70542022870737275
0 S668 -0.082333670545260904 1.2851082622016803
0 S669 -1.2604822231095159 -0.82054151062110781
0 S670 1.2474829590124878 -0.82226498034772133
0 S671 1.3173276387756159 -0.66791257201814325
0 S672 -1.1741448058484378 -0.73113223621415857
0 S673 1.375500200084578 -0.78553728100629139
0 S674 1.3426851880310968 -0.72352983226616951
0 S675 1.3321861030226223 -0.67619402854527444
0 S676 1.2568198294157713 -0.84285133720937977
0 S677 -1.2187239399954688 -0.68579477878672657
0 S678 1.2221177864117663 -0.646682733344351
0 S679 1.188440641340677 -0.70849511973391388
0 S680 -1.1588253828316162 -0.82129641473562709
0 S681 1.2193681326699533 -0.74361631076846946
0 S682 -1.2385437190967941 -0.65987282200854647
0 S683 -1.3112584896664827 -0.84932171665791734
0 S684 -0.013351042081885887 1.3143674769194857
0 S685 -0.23488401662709441 1.2754682027747335
0 S686 -0.073723109810368684 1.4392209436075976
0 S687 0.075002473641303594 1.4509364912827021
0 S688 1.2517864134908288 -0.76426896890664098
0 S689 1.2671983665762006 -0.71934313100585612
0 S690 -1.1585397934049657 -0.75771181558968137
0 S691 -0.081567239663637867 1.4377841485112919
0 S692 -0.078536212846755785 1.3137697899820318
0 S693 -1.2321763515737654 -0.71553563076854787
0 S694 0.12591246909673848 1.4219081087178471
0 S695 -0.031815036790114909 1.5894269626430677
0 S696 -1.2603984338791239 -0.74920911448736904
0 S697 -1.2705107800307782 -0.74321504639658664
0 S698 -1.250960170642764 -0.76085805076368851
0 S699 -1.2022720336159323 -0.80357622718154587
0 S700 1.2514510816480826 -0.62807673887543247
0 S701 -0.029143012739644088 1.4261420930287676
0 S702 0.0083949585018510148 1.3665218226271618
0 S703 -1.216101099024415 -0.66992118800064981
0 S704 -0.038888148287197208 1.2947900998168629
0 S705 -1.1218958406953108 -0.79130149054205567
0 S706 -1.0877648625784881 -0.69366229311105576
0 S707 -0.074948211801905071 1.4318888078432439
0 S708 -1.1472486478501471 -0.76005167468078572
0 S709 0.046687523078805908 1.2973798743143485
0 S710 1.3066615782501236 -0.58419855883313732
0 S711 -0.12383628964172075 1.3308585838841394
0 S712 1.2663646918475133 -0.64515517109519938
0 S713 -1.181576227600057 -0.6943945387526087
0 S714 -1.2512730573040101 -0.71550898585223288
0 S715 1.2616499913914414 -0.76067589066028229
0 S716 -1.1751185542112754 -0.60713839965037308
0 S717 -1.1737330764594607 -0.70016521894882366
0 S718 1.1545700264918557 -0.67888668317018597
0 S719 -0.016570524930512424 1.3561770430775315
0 S720 -0.012942838729889487 1.3173581615900392
0 S721 -0.055516864502342771 1.3210245537664536
0 S722 1.2842409717942576 -0.69479442862955276
0 S723 -0.046884870463067052 1.3537664474376971
0 S724 1.2248249676253873 -0.56217224137809374
0 S725 -0.13094454681616963 1.2169370319964399
0 S726 -1.2880901116594641 -0.68469123461477954
0 S727 -1.1314641481691576 -0.68202573725953708
0 S728 1.3764108332922751 -0.53491441786385441
0 S729 -1.2731150066160304 -0.73442065042266191
0 S730 1.2926755830404111 -0.72309763274665695
0 S731 -1.30501718500979 -0.70664143833404491
0 S732 1.3378915567192016 -0.77938136764731247
0 S733 0.025022816871658197 1.3857468780052133
0 S734 -0.11519799382874231 1.397064351577961
0 S735 -1.1253755969051797 -0.75051117543197965
0 S736 -0.044975818665333636 1.3931456589289144
0 S737 -0.020186428027804796 1.4028553925466289
0 S738 -1.2347764000864214 -0.7427550540590705
0 S739 1.2883587586534988 -0.68223889684068639
0 S740 1.2033900666444155 -0.71863413129398857
0 S741 1.2777722049673641 -0.6741795351782135
0 S742 1.1735644725745376 -0.73787635552720643
0 S743 -1.1524452138859036 -0.62738991326914728
0 S744 -1.3243513940753195 -0.68341375045033692
0 S745 1.244520052032184 -0.71438699392155447
0 S746 -1.2804550904076415 -0.78653575221253247
0 S747 0.02560888557941858 1.3828664594675515
0 S748 -1.2131657959040827 -0.61341968264827806
0 S749 1.2704035014337953 -0.66725319750977541
0 S750 -1.2446169011624431 -0.75479424337282197
0 S751 1.1837785344193721 -0.77185337806555376
0 S752 1.2192487856953844 -0.60947011157500885
0 S753 1.2835103809365302 -0.63743349460304688
0 S754 -0.13974686578260576 1.3065034330517422
0 S755 1.1815259494218795 -0.6340613880615158
0 S756 0.1086436282508226 1.2985688737245067
0 S757 1.1659871193161147 -0.68046627145609773
0 S758 1.304319279171247 -0.80081497884685782
0 S759 0.0044944402550488628 1.4094908403376791
0 S760 0.036289641120994989 1.4943326928116694
0 S761 -0.077637812921067473 1.4390850647208269
0 S762 0.084719026597108171 1.3520306295510398
0 S763 -1.1940606887562688 -0.59031741220448286
0 S764 -0.14411630944703929 1.3141597967203229
0 S765 1.3712497046422911 -0.80159332095091651
0 S766 1.2821181399056589 -0.73565908871345675
0 S767 -1.1488909242731418 -0.74162022249673831
0 S768 -1.0613687227004669 -0.61374736644050043
0 S769 -0.080426428187260757 1.4212030262275717
0 S770 1.2572371626073195 -0.78915536353950699
0 S771 -1.1468084767268953 -0.77456263504132172
0 S772 -1.0856718683839264 -0.76917078689212348
0 S773 0.084676847749668632 1.5123213541417717
0 S774 1.1220854809197347 -0.75153333364356445
0 S775 0.047419337418754301 1.4277180995276664
0 S776 1.2178396284165585 -0.73039853341708538
0 S777 0.019092944278105085 1.3383498541358034
0 S778 0.10172944117363016 1.4637674807955869
0 S779 0.0012699958057487619 1.2015551087450174
0 S780 1.2379556600930732 -0.74438110870415541
0 S781 1.290694270356362 -0.51539984528900917
0 S782 -1.1785591999213469 -0.70121631599701828
0 S783 0.033498569671589158 1.4355891855069525
0 S784 -1.1206073794030764 -0.81525524937941751
0 S785 0.063079047693827869 1.5004556885049529
0 S786 -0.078256644418122773 1.2851566728949706
0 S787 1.2994972287569975 -0.68740458748807676
0 S788 1.3061721822201982 -0.75046509249386595
0 S789 0.02091103691526346 1.2192899925457867
0 S790 -1.354599434015846 -0.884158915891047
0 S791 1.288659384510213 -0.8478197816376688
0 S792 -1.2430013503315021 -0.66628320798775187
0 S793 -0.14630792831162862 1.3520092520115072
0 S794 1.2572674892433824 -0.64184480739473748
0 S795 1.1727490588661715 -0.75282484956863305
0 S796 0.021155840564410302 1.2931785684015988
0 S797 -0.091937907712472747 1.4399814609944162
0 S798 -1.2104566535902412 -0.58712605553315245
0 S799 -0.054715329325680205 1.3171072786190132
